6 21
-0.0097761221064264 -0.0097761221064264 -0.0097761221064264 0.0 0.0 0.0
0.0207141489747575 0.0207141489747575 0.0207141489747575 0.0259018783659483 0.0259018783659483 0.0259018783659483
176501.07476415733 115034.68296694622 115034.68296694622 0.0 0.0 0.0 176501.07476415733 115034.68296694622 0.0 0.0 0.0 176501.07476415733 0.0 0.0 0.0 1537.53575149502 0.0 0.0 1537.53575149502 0.0 1537.53575149502
282692.30769230775 174249.46261792132 174249.46261792132 0.0 0.0 0.0 282692.30769230775 174249.46261792132 0.0 0.0 0.0 282692.30769230775 0.0 0.0 0.0 80769.2307692308 0.0 0.0 80769.2307692308 0.0 80769.2307692308
4
6 50
0.36572564 0.01820633 -0.034124456 0.06279263 0.10897246 0.13890609 -0.2613358 -0.12576139 0.037014354 -0.22249869 0.10267362 0.43584704 0.10638447 0.16193974 0.07818667 -0.4055171 -0.33082137 -0.34836552 -0.050667968 0.4276735 -0.27193484 -0.21924092 0.29800996 -0.20039724 0.16402748 0.104354486 -0.2832452 -0.1224525 0.26890892 -0.19473962 0.37603146 0.37409118 0.1524981 0.26942086 0.11552994 -0.2089499 -0.09970567 -0.007575284 -0.25258115 0.08579817 0.35170084 0.14789811 0.012841332 0.13772546 0.4949905 -0.21810222 -0.31740654 0.47863278 0.32415557 0.21699095
-0.04561423 -0.012317709 0.3624993 -0.06536759 0.10034575 -0.1957413 0.26665387 0.34847063 -0.19460543 -0.1008712 0.1623501 -0.04527424 0.0074628913 0.10071916 0.07023689 -0.012787911 -0.3273894 -0.27992278 -0.09375635 -0.019084672 0.45016325 0.3097152 -0.015370654 0.40914476 -0.06258501 -0.324365 0.35885558 0.3318175 0.299875 -0.020019947 -0.046086453 -0.35923672 0.11248019 -0.22537902 0.3438312 0.38242957 0.3429065 0.22112565 -0.05548975 -0.34358472 0.25480846 0.43187234 0.18246394 -0.17895272 -0.12294422 0.42135704 -0.23582071 -0.36056277 -0.47287542 -0.3234343
-0.15966432 -0.045800455 -0.06807719 0.10224757 -0.27235606 0.24690841 -0.08833107 -0.27025792 0.3493649 0.2989085 0.114337124 -0.37885755 0.25947624 -0.28530312 -0.33481234 0.32304597 0.3940641 0.4245802 0.25115782 -0.22179443 -0.22529341 0.33309588 -0.060931478 -0.2505786 0.246971 0.39089668 -0.20623818 -0.20473853 0.10045339 0.26551792 0.25112292 -0.28815985 -0.36604077 0.19242062 0.16521923 -0.28490534 -0.2545786 0.15384698 -0.08861509 0.14877807 -0.16571514 -0.4855676 0.029871706 0.05680308 -0.32486364 -0.05260763 -0.093923435 -0.3367786 0.33422926 -0.2072411
-0.10022038 0.02356383 0.20995052 0.31870955 -0.06912106 0.1460542 0.4706256 0.2417574 -0.03210313 0.247071 -0.13517283 0.27389085 -0.4498137 0.158464 -0.46000415 0.2633459 -0.19745244 -0.083232455 -0.18491566 -0.3444426 -0.22887301 -0.05298211 0.33444422 -0.17020991 0.2010607 0.040960837 -0.2758157 -0.52912277 0.14499068 -0.0468839 -0.13748999 0.30516064 -0.35034984 -0.016461521 0.15126747 0.27477154 0.3264306 -0.49937683 -0.30107608 0.3486649 0.107568696 -0.49421906 0.27482304 -0.06737214 -0.098395094 0.47206396 -0.2626374 -0.024714269 -0.2334918 0.24672736
-0.14654867 0.2802534 -0.36745664 -0.48579046 0.12938073 0.34743273 0.45421863 0.05305681 0.16900454 -0.31611636 -0.1708699 0.3535007 -0.18137625 0.090083726 0.24034438 -0.1794982 -0.18474635 0.33405426 -0.30009505 -0.13310227 0.049258355 0.05468836 0.17522615 -0.18321832 -0.16902632 -0.11699693 0.2866564 0.15268081 0.03314343 0.41916758 -0.1860208 0.18409467 0.30396372 0.031447925 0.3081636 0.06406769 -0.9442977 -0.49348894 0.07460967 -0.16670965 -0.08055855 0.08126721 -0.83236235 0.07093194 -0.15963571 -0.16752529 0.19185191 -0.04601647 0.10231626 0.06629301
0.2121143 0.37477535 -0.36149803 -0.24512506 0.4024453 -0.18976033 0.1286754 0.2559522 0.12620513 0.27511588 -0.1183243 0.34206983 0.12583986 0.38536912 -0.3262518 -0.015774442 -0.1805239 -0.23356761 -0.01506417 -0.6315803 0.37732738 -0.1279575 -0.17726822 0.037718173 0.03162178 0.109845 0.29202944 -0.49447915 0.09770003 0.08002297 0.34212962 0.0040103463 0.15653628 -0.5816545 0.2163096 -0.23223306 0.0038168011 -0.5177631 -0.028860897 -0.06505584 -0.16650046 -0.47684196 0.17907587 0.08297122 -0.12788461 -0.534416 -0.03466043 -0.026446715 0.12340805 -0.03642547
50
0.04897289 0.04552261 0.058621064 0.05976252 0.03670736 0.010458282 -0.010566309 -0.007326907 0.01570222 0.033076625 0.04357844 -0.03017961 -0.032042056 0.00689153 0.0909315 0.04637766 0.09927204 0.08465158 0.038645606 -0.020835534 -0.012638179 0.04059706 0.05251979 0.02605015 0.043810125 -0.003066071 0.017061757 0.07197877 0.042056125 0.05050171 0.042624462 0.063030384 0.053648513 0.034891367 0.034391213 0.0120803965 0.061569758 -0.05317516 0.0 0.048103277 0.03819316 0.026942134 0.02968459 0.02246713 -0.0009086825 0.05378698 0.0 0.070352785 -0.073878475 8.264264e-05
50 50
-0.1277773 -0.008182892 0.0962606 0.2840639 0.16906086 0.019999495 0.015404966 0.1958187 -0.074286334 -0.07011059 0.15533674 -0.1518299 -0.15921326 -0.11698359 0.18051769 0.108167164 0.2734808 0.29294467 0.04109223 -0.16638182 0.18616235 -0.07587682 0.09392439 0.1533012 -0.06273736 -0.093530044 0.15252937 0.17658456 0.12627544 -0.03264522 0.19192328 -0.12470301 0.020493463 -0.3747046 0.18537642 0.031719793 -0.12144447 -0.031461462 -0.18771316 -0.1858886 -0.08242473 -0.1447364 -0.12901375 0.23889531 0.112772755 0.22934999 0.21730734 0.04154734 -0.459577 0.020661429
-0.014076452 0.091145806 0.17551184 0.07037851 0.12655288 -0.12543651 0.16038258 0.15825881 0.051236518 0.22351767 0.02167315 0.22893997 0.13509241 -0.13594408 0.10181306 -0.23992845 0.0691387 0.23748554 -0.026273731 -0.21817414 0.1961696 -0.06967268 -0.017392403 0.044607032 0.2273523 0.27213314 0.02640441 -0.14889634 0.034632914 -0.1108856 -0.019881288 0.30348557 0.21369736 -0.16297564 -0.21737722 0.05214634 -0.27831876 0.24320479 0.008463253 0.027049765 -0.23820911 0.09569008 0.13133654 -0.11992862 -0.18901096 0.18498228 0.17404118 -0.13099481 0.03721738 -0.08343704
-0.051596574 0.123395525 -0.10155105 -0.090274915 -0.048009235 0.25446355 -0.21151409 -0.2992998 0.18882272 0.06491474 -0.08787759 -0.14602108 0.006081632 0.2281515 -0.23618497 -0.109794244 0.13885242 -0.37897658 0.05216251 -0.18346825 0.30722228 -0.13502495 0.096127644 -0.121492654 0.21668683 0.11570631 0.26618898 0.22464888 0.11820524 -0.2342176 0.13592443 0.02578301 -0.032522187 0.18471877 0.32184377 -0.10358625 -0.20521522 -0.09834853 0.20577136 0.06461991 0.083028294 -0.10037465 0.24649377 0.043630935 0.0036303634 0.20891027 -0.08558888 0.13651332 -0.6582299 -0.052739635
-0.021379884 -0.23364963 0.1835336 -0.27572194 -0.18029931 -0.11372367 0.2097698 -0.08965062 -0.14815699 0.2077414 0.10664613 -0.1303861 0.17033973 -0.13691361 0.22423585 0.18088405 -0.11972467 0.1268628 0.2607938 0.08316518 -0.13924138 0.37758267 -0.07581956 -0.23540683 -0.10203932 -0.4368968 0.16879046 -0.23519573 0.018162819 0.1810757 -0.17404261 0.074253686 0.09662478 -0.035121966 0.066802554 0.13671203 0.32708707 -0.09884645 -0.10327598 -0.11790022 -0.016908789 0.18788211 0.23566027 -0.22297217 0.23812811 -0.2161508 -0.09074824 0.011351823 0.18628447 -0.07682127
-0.17280364 -0.3703699 -0.2648935 0.21160515 -0.15939802 -0.5222283 0.0741252 0.42469427 0.016687974 -0.16297852 0.036447693 0.059388917 0.3342439 0.26586977 0.25525436 0.12535995 0.13271694 0.34682158 0.14923216 0.14565931 0.09590253 -0.10180539 0.16563572 -0.25123137 0.2411772 0.356635 -0.18492764 0.24203268 0.12006342 0.23695447 -0.18806112 -0.13068242 0.033264384 0.08622309 -0.440015 0.26240268 0.3241594 -0.13476345 0.44792393 0.23495473 -0.04408284 0.18119486 0.15546332 0.26308894 -0.09952847 -0.06641405 0.13847409 -0.27079508 0.031118557 0.10995217
-0.1437831 -0.17751849 -0.20786263 0.08984179 -0.20517337 -0.26865143 -0.24897167 0.08276214 -0.10350515 -0.21732119 -0.012704106 -0.090157226 0.09948535 -0.07832345 -0.048818115 -0.109166406 0.06838573 0.008667605 -0.16948964 -0.09081727 -0.053690027 -0.01988204 0.1479548 0.117377244 -0.018924043 -0.114642136 -0.1303696 -0.14942662 0.20708944 0.00854054 0.09649728 0.03388153 -0.21048504 0.20795913 -0.18057278 -0.14627641 -0.23695931 -0.11815606 -0.49604422 -0.16666208 -0.19748032 0.08002271 -0.061127886 -0.0023603225 0.30153796 -0.1748622 -0.1636222 -0.21463911 0.039981045 -0.10646391
0.18555479 -0.07881308 -0.010193987 -0.13840109 0.08753444 -0.48346457 0.17063133 -0.082940094 0.11468954 0.3117839 -0.17556562 0.22509116 -0.09516468 0.3617741 0.5906259 0.047128506 0.0027826016 -0.07345023 -0.25317174 0.17042781 0.02272241 -0.4734425 -0.22226325 -0.14928311 -0.40892643 0.9478061 0.074652106 -0.14508827 0.11626336 0.10198417 0.16476871 -0.30336702 -0.14843462 0.38827646 -0.2620299 -0.37956205 -0.25758836 -0.15059228 -0.05224685 -0.14713931 0.19426215 0.25041738 0.060976654 0.07660896 0.1920926 -0.09504202 -0.37003633 -0.54951626 0.3111819 0.1350378
0.18308476 0.08541674 0.050262403 0.43276367 -0.19909842 0.0037281453 -0.123004 0.3285211 0.37146705 0.14974697 -0.35573485 0.06320285 -0.25337657 0.024946671 -0.49070135 -0.14512831 -0.2773166 0.38897607 0.2778725 -0.07004139 -0.44328392 -0.16524889 -0.13596936 -0.8758648 -0.2452962 0.4280171 0.31374037 -0.17481054 0.005283264 0.39528558 0.68529534 -0.21676467 0.023852065 0.07637354 -0.33274424 0.6014266 -0.03759087 0.14639278 0.8828498 -0.0064912587 -0.16172358 0.07916099 0.32736284 0.18341905 -0.15717553 0.06047942 0.10784789 0.079211265 0.1041187 -0.048851743
-0.07359919 0.17890131 -0.05535675 -0.0797466 0.19955696 -0.016056094 -0.21312541 0.29824787 0.20972069 -0.25991547 -0.16812167 0.020823404 0.24542148 -0.04097755 -0.23995233 -0.22838774 -0.17790027 -0.20852993 -0.18367164 0.111838594 0.09171887 0.11142141 -0.085951224 0.18621007 -0.01718456 0.18545121 -0.073985636 -0.07990463 -0.106735006 0.11178547 -0.17624961 0.08724427 0.1458656 0.037423734 -0.18915477 -0.23349684 -0.1209525 -0.22344495 -0.15010624 -0.07932028 0.038606204 -0.1640925 -0.3097282 0.08313258 -0.0246283 0.0066972524 0.07446701 0.15280114 0.10737331 -0.0037693381
0.13712016 0.014525113 -0.11309455 -0.2639188 0.19597416 -0.07534679 -0.048714504 0.39991084 -0.28254604 0.17417674 -0.16588412 0.1114486 0.11700066 0.3613168 -0.24822372 0.19136111 0.013911118 -0.15104666 0.17436692 -0.2227612 -0.13576123 0.06528269 -0.29817963 -0.29403678 0.17124456 0.06394036 0.04790731 -0.10274327 0.14526254 0.13432412 0.14646333 0.18972543 -0.13727927 0.3990868 -0.05577227 0.03817932 -0.23559624 -0.18736023 0.036207374 0.02786462 0.046412602 -0.10186928 -0.32013756 0.06939676 0.035913788 0.22601731 0.012060914 0.03697691 -0.09599538 0.24118944
-0.024263464 -0.208402 0.057979256 -0.06376682 0.18488775 0.062866874 -0.26204735 0.047444724 -0.038136072 -0.084121704 0.27435237 0.053039484 0.1236212 0.05750873 -0.01837657 0.17438173 0.25915328 0.13121782 0.2649924 -0.13646862 0.17173474 -0.007166966 0.019815201 0.051256973 -0.022848124 -0.13555951 0.2496764 -0.010652752 0.022504104 -0.22494751 -0.048303448 0.027848616 -0.08335832 -0.22372116 0.04925842 0.1691261 -0.017570307 -0.010094389 -0.14739901 0.16474234 0.10632176 -0.19018993 -0.026700003 0.23828404 0.29979905 -0.2245809 0.17324862 0.2822699 -0.5355833 0.09838204
-0.057112247 0.111975655 -0.19824165 0.42392206 -0.03281646 -0.7626761 0.058815137 0.38495308 -0.08471822 -0.04744156 0.004865482 -0.10057936 -0.050238118 0.40033937 0.6410038 0.0655104 -0.32639048 0.4630466 0.426218 -0.08112438 -0.2510682 -0.03777157 0.3968644 0.058044348 -0.17056042 -0.629143 -0.28156462 -0.109860174 -0.39100078 0.23747417 0.09038272 -0.1501897 -0.11998417 0.16047177 -0.70142406 0.0910075 0.14311963 0.023722127 -0.16434242 -0.009638056 0.0692167 0.07505965 0.15922962 0.39266312 -0.042852733 -0.060168844 0.022389622 -0.4622574 0.18257037 -0.057227477
-0.13003173 0.143617 -0.22786541 -0.18284068 0.17903127 -0.20517045 -0.23007524 0.22479504 -0.48156446 0.021137834 -0.16855402 -0.11336708 -0.21184748 -0.19307783 -0.12768874 -0.093486734 0.15854707 0.23669425 -0.17240056 -0.13861915 0.089606576 -0.013760292 -0.107835114 0.09158639 -0.0851078 0.11512741 -0.23026304 0.12339102 -0.011368778 0.01992592 0.06177902 0.13807528 -0.095859975 0.15931414 -0.09068268 -0.035839476 0.16980912 0.21865343 -0.19938758 0.14879583 -0.102757394 -0.09506765 0.0011543036 -0.045396563 -0.03689945 -0.14841276 0.16146947 0.20119503 -0.24172272 -0.21936902
0.15809397 0.18110679 0.19408226 0.2387938 -0.23241912 -0.033658907 -0.048280347 0.48487613 0.3927452 0.020376638 0.016298538 0.03298552 -0.071287945 0.07164859 0.22584918 -0.064577535 0.052453134 0.16626748 0.13297161 0.14661492 -0.27162626 -0.3174635 0.09566682 -0.40141463 0.26542312 -0.31353682 0.18064363 -0.12359101 -0.21167983 0.16972595 0.2619631 -0.21609129 -0.09368631 0.05232715 -0.25535604 0.01763656 0.2676654 -0.05167453 0.021048326 0.030750439 -0.02562988 -0.14960724 0.15842302 0.50895643 -0.31993848 0.019550107 0.005812274 -0.13631763 0.17574635 -0.10600248
0.13913046 0.23397778 -0.19832222 0.13215241 0.7904316 -0.06850672 0.00609158 -0.040221017 0.35817283 0.48024964 -0.5326782 -0.12143741 0.028855508 0.49857295 0.32981864 0.08026765 0.15018614 0.37780914 0.017188279 -0.030511513 -0.40690932 -0.09384613 0.2362887 -0.08059367 -0.29590234 0.6601405 -0.009805175 0.10534455 -0.3795565 0.2800755 0.41153064 -0.09757538 0.030857936 0.12571491 -0.24709047 -0.070979305 0.36782557 -0.06955953 0.32028195 0.060315207 0.15306957 -0.124300025 0.12714405 -0.034349047 0.07938703 -0.24261202 -0.4359237 -0.31000826 0.34844884 -0.21208502
-0.0029498572 -0.5112294 0.07454376 -0.2417119 0.2808814 -0.6388827 0.121886626 0.48618218 0.108466275 -0.2505633 -0.3337392 -0.08995873 0.45173958 0.08235664 0.2615553 0.18211728 -0.18456917 -0.20181534 0.16252397 -0.18892057 -0.25120866 0.19818299 0.49510553 -0.40202665 -0.10355136 -0.4163736 -0.12661786 -0.24348785 0.048216406 0.5615892 -0.010480879 -0.29602936 -0.034297794 0.21164462 -0.097014055 -0.3531408 0.11588483 0.07046969 -0.28929627 -0.10728899 -0.14145182 0.20650399 0.36233628 0.47049314 -0.07709033 -0.074016064 -0.10412745 -0.31391153 0.1011254 -0.030948237
0.55309117 -0.69759935 -0.12934232 0.034058854 0.47433016 -0.6751157 -0.13054985 0.65404445 0.119489595 -0.5463774 -0.60238695 0.058028653 0.4870306 0.3631553 0.4985077 -0.029202297 0.06618164 -0.013745293 0.44041878 0.08341403 -0.5086321 -0.02962429 0.0112275295 -0.52046806 -0.42070466 -0.7550523 -0.06948111 -0.053918928 -0.37326446 0.6347466 0.19790429 -0.023441194 -0.05082673 0.055247057 -0.3288248 -0.15850541 0.05242295 -0.09506287 1.1055435 0.23578338 -0.056005612 0.15536939 -0.31425843 0.38031116 -0.12398912 -0.06572917 -0.30839342 -0.71118784 0.026044294 -0.19736369
0.019433884 -0.6410953 0.19680963 0.1857429 0.11798269 -0.73810965 -0.0042576194 0.48012158 0.193482 -0.42532125 -0.40889624 0.11557318 0.5287195 0.24784806 0.079182826 -0.04139431 -0.3872599 -0.095964745 0.45893064 0.18280832 -0.2595108 -0.092663705 -0.10687308 -0.33090556 -0.014236173 -0.25079253 -0.16837434 0.1393039 -0.0636006 0.48259416 -0.113632984 0.03831737 0.18238755 0.405825 -0.19832309 -0.28002536 0.1749279 0.053743824 -0.44409746 -0.22944309 0.031505957 -0.08244938 -0.011565788 0.3436298 -0.018594313 0.18945219 0.02663735 -0.48735672 0.07849424 -0.208062
-0.10888452 -0.18835756 0.1032134 0.0141075775 -0.097722426 0.20862038 0.13110161 0.18814348 -0.50239366 -0.08351678 -0.20740667 -0.09049216 0.19168012 0.17249447 -0.15695088 -0.22653876 0.17856735 -0.04733638 0.22920561 -0.20774832 -0.031010337 -0.09137686 -0.0032714326 0.12155991 0.20323855 -0.2623268 0.014786755 0.17168236 0.030267842 0.33610106 -0.19219752 0.1056023 -0.13312052 0.09846995 0.27834305 0.08065764 -0.11397829 -0.039885834 -0.2704391 -0.21039766 -0.015828708 -0.22836971 -0.27006614 0.17866203 -0.13257405 0.043167397 0.21933754 0.030343305 -0.53931355 -0.1655565
-0.085047655 -0.10160815 0.04014378 0.4257127 -0.018921193 -0.012741619 -0.17122613 -0.04835775 -0.7574967 0.5413502 -0.14324522 -0.23227583 -0.14434347 -0.19872369 0.056451067 0.11887999 0.19986618 0.14135288 -0.07682026 0.12197797 0.07268161 -0.23732768 0.3417516 0.2940542 0.08164618 -0.26309073 0.03225421 -0.034715846 -0.14128481 0.311851 -0.038916223 -0.067916386 -0.06371902 -0.59220594 -0.12476706 0.07150773 0.1849497 0.08731569 -0.5532463 0.13337936 0.0027388434 -0.073302 -0.12876104 -0.08650801 0.069980465 0.13246723 0.107522465 -0.030247048 -0.3009045 -0.062319115
-0.07615102 0.060250223 0.06503354 0.553465 -0.12601021 -0.1643572 -0.111471266 0.2104829 0.008483256 0.4905077 -0.33330464 0.09083905 0.2113558 0.03931515 -0.35070923 -0.10593243 -0.040615454 0.32568827 0.36155888 -0.12419572 -0.33193848 -0.17085527 -0.3233648 -0.5361802 0.0764387 0.022450337 0.42922568 0.16545361 -0.050463166 0.20243187 0.71787804 -0.18581747 -0.14935431 -0.22207041 -0.3495717 0.43755448 0.159811 -0.12147561 0.63772696 -0.10582541 0.08117439 -0.005429134 -0.032174885 0.034557592 0.13887542 0.06416582 -0.0052882517 -0.08371048 -0.26653585 0.15379728
-0.054424286 0.0752392 -0.10817978 -0.11496989 0.08029309 0.17289591 -0.2435463 0.043980304 0.25023738 0.01226157 -0.14961527 -0.17526126 0.23189297 -0.042490184 0.04230318 -0.051769715 0.27834818 -0.18904527 -0.124594495 -0.050129026 0.12515323 -0.049903356 -0.3147349 0.0047574476 0.12293989 0.24214245 0.04983886 -0.18439737 -0.17174578 -0.042732216 0.08159733 0.23967613 -0.13677108 -0.08397339 0.2838469 -0.030716084 -0.106068276 -0.21819891 0.16887039 -0.16536185 -0.1233973 -0.15946 -0.1271303 -0.16326825 0.124850005 0.19832501 -0.038792018 -0.18797259 0.30313897 0.14855452
0.072823 0.19767134 -0.038675692 0.11185687 0.22075342 0.16466647 -0.15631245 -0.16017069 -0.071023926 0.23544273 0.24606414 -0.1515188 0.067344874 0.14429747 0.053105097 -0.111679405 -0.10466272 0.09905826 -0.115033105 0.058370784 -0.06889699 0.16486299 0.050244253 -0.06946615 -0.16263455 0.2609121 0.15126878 -0.14882688 0.23331119 -0.0440139 -0.18091391 0.26032823 -0.15854934 -0.18471123 0.028468946 -0.10549494 -0.07694141 -0.061130658 0.11334546 0.0139032155 -0.19437048 -0.12746623 0.2549807 -0.007867378 -0.10127071 0.07159321 0.12456764 0.012563016 0.13824216 -0.06877002
0.2055642 -0.08255586 0.22190134 0.009762332 0.06558332 -0.8853799 0.054384843 -0.13859159 0.30707043 0.093353614 -0.19763437 -0.1181334 0.17700161 0.58957654 0.14965232 0.049352374 0.0033420578 0.06998094 0.47014952 0.18940412 -0.19062185 0.15172896 0.16263917 -0.30909434 -0.06383051 0.5141034 -0.10020038 0.22354008 -0.49669725 0.18248096 -0.03795713 -0.33304596 -0.15719725 0.57639134 -0.19414704 -0.076337874 -0.06972985 0.2004043 0.8278309 0.20408313 -0.23706587 -0.19985458 0.1720167 0.4479549 0.30445588 0.20195106 -0.2680717 -0.01101701 -0.017867789 0.0878271
0.13621657 -0.030400673 0.037230544 -0.21976131 0.04916605 0.17853072 0.11049339 -0.15410906 -0.31192902 -0.016987262 -0.040475924 -0.1999732 0.0556093 0.06626401 0.15685625 0.017769506 0.1606495 0.12536532 -0.01577634 -0.044324264 0.0968299 0.09917047 -0.05431285 0.1189516 0.15176103 -0.103073366 -0.015898464 0.23098685 0.18452014 0.060172725 -0.21650118 0.021947391 0.042634085 -0.001019457 -0.13393287 0.06320734 0.14753973 0.18123673 -0.3121295 -0.021367878 -0.01395842 0.04444539 0.124718696 0.113295265 0.20390257 -0.12137294 0.06202434 0.210886 -0.10984563 -0.08528419
0.20413299 -0.18939008 -0.03082085 -0.34600312 0.22930236 0.044794932 -0.06236975 0.3034775 -0.10300709 -0.0070470134 0.15178728 0.14609118 -0.03241543 0.31689596 0.06833355 0.061891217 -0.08597709 -0.050621685 0.20926675 -0.022954032 -0.035205223 -0.06526508 0.19836703 -0.34308323 0.013579885 -0.26595545 -0.15270858 0.17021036 -0.13737452 0.08937018 -0.0420831 0.010292075 0.08325903 0.056979552 0.088493384 -0.028513674 0.0180833 -0.14685343 -0.49379563 -0.1188668 0.058693573 0.19240637 -0.23119791 0.21955736 0.13100702 -0.23820788 0.022296192 0.12709995 -0.38641644 0.105672404
0.03705243 0.067196086 -0.08036004 0.61899376 -0.21237385 -0.7196704 -0.16320688 0.6021529 0.19647856 0.16003491 -0.42768937 -0.13024122 -0.043610748 -0.027769761 -0.5843192 0.03320503 -0.2712003 0.1440944 0.27302277 0.0669993 -0.20268404 -0.65148455 -0.37086898 -0.12609756 -0.16107067 0.38948178 0.48305038 -0.12398504 -0.17053948 0.24154082 0.7746261 -0.032626335 0.105088815 0.41260698 -0.67641103 0.49536768 -0.35289857 0.21516027 0.8823332 -0.12512767 0.16169462 0.0061000437 0.135012 0.3420806 0.0043031718 0.16046046 0.009566344 -0.7104678 0.24733548 -0.006414816
-0.21601051 -0.057194315 -0.06518574 0.07284121 -0.32424116 -0.16551583 0.029683571 -0.5143015 0.096449256 -0.14166956 0.12467731 -0.12413148 0.032691043 -0.3649104 -0.28699255 -0.24337865 -0.19136645 -0.37763804 0.005322899 0.16094719 0.14806798 0.2645959 -0.059070926 0.264896 0.024700638 0.34377384 0.08139599 -0.0049783685 0.0649867 0.0038834768 0.18632968 0.3078688 -0.035208896 0.1333886 0.08094656 -0.1730961 -0.3320048 0.24302982 0.2797631 -0.13035573 -0.15487628 0.1828175 -0.03135896 0.087593436 -0.05935767 0.0998294 0.28435582 0.2781878 0.25144398 0.03883998
0.0022865168 0.2023261 -0.24692754 0.12120496 0.19420232 0.13937464 -0.09513199 0.091428354 -0.10706825 -0.03368697 0.24665508 0.18500634 -0.061626367 0.17708775 0.083447695 -0.2426954 0.22862172 -0.17742097 -0.017829616 -0.19555421 0.287877 0.26608846 0.21708219 0.21902779 0.21891618 0.0985773 -0.20446527 -0.12388703 -0.021204017 -0.21727917 -0.12439646 0.10468 -0.101100415 0.20776501 -0.1634049 0.26055157 0.17680374 -0.17550139 -0.010839996 -0.09390636 0.18934266 0.057927664 -0.05787309 -0.15248005 0.055797774 -0.24845617 0.2029996 0.14962485 0.07485412 -0.13366008
-0.061750118 -0.11136634 0.04890849 0.13817753 -0.062334765 0.0771847 0.12604679 0.3137833 -0.09099237 -0.14712079 -0.008246558 -0.1939301 0.1157519 0.032864287 -0.32197586 -0.1177369 0.087835 0.039188243 -0.07132329 -0.06571375 0.14836164 -0.16082132 -0.18505573 -0.16294722 0.10114798 0.16588324 -0.023979705 0.20307125 0.034668125 0.36038923 -0.18675372 0.31436485 0.07288842 0.2617481 -0.11908727 -0.31378338 -0.027814478 -0.1053721 0.06275022 -0.0012801886 -0.13176656 -0.22876768 0.06907317 -0.18284065 0.15447167 -0.17682981 0.13771176 -0.18447463 0.23878443 0.045643106
-0.14945605 0.124972954 0.08742859 0.24508268 -0.13107516 0.14940344 0.048721075 -0.06888492 -0.43177918 -0.01370019 0.15264888 -0.11060515 0.20936339 -0.0632828 0.06673898 0.14928232 0.2294576 -0.09603232 -0.069222495 0.19854109 -0.20191649 -0.11396637 0.18399782 -0.08985092 0.13834214 -0.26641712 -0.15752803 -0.23632714 0.05399231 -0.19680084 -0.20675208 0.21764143 -0.11705364 -0.13926311 -0.013341226 -0.007841059 -0.1757498 -0.2215189 -0.17613827 0.1004601 -0.06762435 -0.23364083 0.0058371266 -0.17782353 0.055698026 -0.243872 -0.13246383 0.009505438 -0.27200195 -0.10191013
0.12557322 0.08602176 0.037410237 0.35563728 0.4770742 -0.7213076 0.06442361 0.34625095 -0.18333544 -0.007873536 -0.0877783 -0.11887322 0.5280876 0.25214466 0.89758456 -0.2600402 0.062447112 0.2791907 0.24520761 -0.054742187 -0.2512753 0.035958424 0.9982204 -0.39913857 -0.06921298 -0.47991055 -0.1394289 0.16162904 -0.40860307 0.3851164 -0.280986 -0.27290878 -0.22294289 0.081242286 -0.43989503 -0.14844352 0.28178188 0.023454532 -0.048256796 -0.024441496 -0.05995571 0.049108736 0.22016041 0.39814 -0.06207464 -0.11949356 -0.13850452 -0.33450392 0.18582308 -0.0071576685
0.39597693 -0.02345213 -0.16478065 0.09159009 0.27368513 -0.39405483 0.11132506 0.064709544 -0.07445878 0.019477991 -0.34165046 -0.16593269 0.24717082 0.44705242 0.19079635 -0.15818912 0.18374743 0.39646384 0.27006555 -0.19797082 -0.27470505 0.010925203 0.04544153 -0.088596694 0.09511523 0.6033227 -0.10133042 -0.13772476 -0.15324137 0.08065431 0.06809614 -0.07917335 -0.233717 0.19526221 -0.4611381 0.08146951 0.3617181 -0.15429458 0.4632394 -0.22511661 -0.13405919 -0.14668454 0.29398862 0.41261655 0.2142406 -0.10086933 -0.2818934 -0.19262469 0.3643024 0.22548108
0.00047016755 -0.052973237 -0.22308926 -0.11301913 -0.10650823 6.824175e-05 0.104997985 -0.073564366 -0.12185676 -0.14634803 -0.19974215 0.09741734 0.17885455 -0.15388903 0.29294276 0.04440879 0.19569711 0.12756091 0.080236696 0.067057595 0.110996805 0.08926247 0.054197084 0.13176268 -0.040642142 0.23240478 -0.20073898 0.14714497 0.20300874 0.19676344 0.17835717 -0.18009391 -0.13374914 0.22439027 0.2763216 -0.2699174 0.14810765 -0.18085507 -0.5035452 -0.0757456 -0.2523656 0.022016821 0.005376246 0.0046769464 0.23710285 -0.10319768 -0.05877863 0.050791316 0.33350486 -0.019754514
0.21288152 0.15127312 0.09036793 0.15260673 0.07183563 -0.14165874 -0.24679768 0.10299808 -0.058145437 0.22989888 0.12885961 -0.24420746 0.028666472 0.27485704 0.16810478 -0.000694517 0.15360932 -0.06874391 -0.08818986 -0.21649875 0.23486549 -0.043317474 -0.1548302 0.059896097 0.15716167 -0.10562915 0.20174463 0.12884805 0.21577123 -0.14241348 0.15943223 0.24861252 -0.053631052 0.09046722 0.23725945 0.11192886 0.022089653 0.1685376 0.2935569 -0.16245914 0.15515839 0.10084764 -0.21020353 0.131576 -0.11461884 -0.124322444 0.101559274 -0.19860467 0.29163483 -0.18156505
0.30644256 -0.13534778 -0.03726509 0.38014984 0.2603212 -0.25693676 -0.21835133 -0.15227455 0.40104192 0.34182405 -0.40685013 -0.058988072 -0.24879366 0.2527902 -0.086722344 0.22136077 -0.174047 0.003531481 0.42547986 -0.027033538 -0.10193007 0.21039861 -0.15957461 -0.6685366 -0.07453059 0.30026215 0.42426884 -0.21180563 -0.28400832 0.26384634 0.5945937 -0.08421188 0.0545768 0.08808893 -0.0841513 0.5510442 -0.20910573 -0.10625845 0.8725155 0.19337173 -0.12168009 0.10259847 0.5250727 0.109891124 -0.2793902 0.06111277 -0.033805415 -0.529068 -0.09709038 -0.18799283
0.038561534 -0.09141551 -0.18479684 -0.05923593 0.0249861 -0.13907133 0.06343864 -0.6157097 0.38102925 0.24094848 0.07027357 -0.16776921 -0.32428762 0.3505673 -0.07424076 -0.042478494 -0.09796319 0.005549403 -0.1894421 -0.06326935 -0.24742925 -0.31188822 -0.3634499 -0.08142245 0.06095419 0.4316476 0.3385979 -0.18786107 -0.22862956 0.0061562397 0.27546385 0.14797418 0.21481653 0.32582036 -0.028196841 -0.04376318 -0.10678126 -0.057250604 0.62279433 -0.09430441 0.13760468 0.06183337 0.108179286 0.11951714 -0.117856085 -0.24590786 -0.15680511 -0.42501763 0.10603783 -0.072266325
-0.13009217 -0.19720295 0.025016826 -0.28006518 -0.060266547 -0.12721272 -0.04157077 -0.052274514 0.008727027 -0.32251063 0.19611922 0.16805944 -0.025706042 -0.21026438 -0.12096149 0.028032184 -0.16170923 -0.22479634 0.27823445 -0.2333715 -0.0016489928 -0.022610715 -0.18822524 0.13420084 -0.035174426 -0.018110026 -0.089013845 0.021905076 0.007740191 0.16173847 -0.044402085 -0.21606788 -0.15528458 -0.10110637 0.27856654 -0.012199801 0.17687038 -0.23996624 -0.02465859 -0.017812937 -0.15134522 -0.13561144 0.027037563 -0.23649703 0.01429393 -0.1175984 0.31993145 0.30385852 -0.38641644 -0.124502905
0.098838106 -0.0851737 -0.009604767 0.14715372 -0.17606753 0.010169908 0.005551353 -0.21910493 -0.17311713 -0.2338119 -0.08135927 -0.070490554 -0.036844864 0.011978552 0.20100479 -0.109590605 -0.17834315 -0.02658321 -0.19666791 -0.048678994 0.23579933 0.15876426 0.22770049 0.23490597 -0.23122382 -0.093412995 -0.017797112 0.22716688 0.02875407 -0.12806043 0.14171238 0.049641773 -0.099065274 0.09179278 0.09971924 -0.15841806 0.20474784 -0.007225126 0.04771678 0.124470964 0.1772687 0.10884617 -0.12627605 0.0010569841 -0.16873243 0.22145857 -0.18358786 -0.18596049 -0.20767954 -0.21279085
0.43461114 -0.19926535 -0.027625816 -0.08159803 0.17496967 -0.394022 0.21124944 0.29587358 -0.037609965 0.35574356 -0.059027083 0.11744766 0.14087752 0.18928088 0.22098616 -0.25723478 -0.08676596 -0.037588973 0.47829053 -0.19945827 -0.5185887 0.010957834 -0.17015882 -0.20399733 -0.2934442 0.010706874 -0.04772579 0.12646143 -0.40229422 0.23713058 0.10277596 0.0071241246 -0.23934843 0.33377564 -0.13584037 -0.20410462 0.5240066 0.06713982 -0.22608468 0.21706851 0.17119327 0.18263498 0.20059851 0.20205908 0.021195138 0.05481161 -0.33448365 -0.5409408 -0.15542543 0.11531992
0.079324685 0.17887445 0.17623328 0.03588896 -0.08705911 0.19162759 -0.08571624 -0.19972023 -0.13048373 0.09159246 0.14525262 -0.047081344 0.26762426 -0.04835284 -0.010501759 0.082887515 0.22180516 -0.18538179 -0.03834761 -0.16055948 0.13637649 0.16601028 0.13583897 0.18644632 0.083925374 0.088706546 -0.16084851 -0.21160111 -0.11081449 0.028671635 0.2346703 0.10543762 0.1610807 -0.24480943 0.1180946 -0.009600069 0.061137173 -0.19930054 -0.023935147 -0.12768736 -0.0808161 0.09363695 0.2575569 0.12636304 -0.066112086 -0.083117634 -0.06404057 0.20085856 -0.19119145 -0.18930432
-0.26563746 0.252924 -0.027592001 0.3407493 0.082690805 -0.01732944 0.15997614 -0.6695114 0.11581643 -0.15810259 0.124290414 0.19233976 0.1301298 -0.12321197 -0.0902163 0.1999975 -0.13289961 0.16785313 -0.31399265 0.10310231 -0.033129025 0.3104092 0.21672645 0.18574631 -0.014213735 0.0066993367 0.40955904 0.090348996 -0.11557708 0.18232715 0.15123078 0.28999275 -0.23014821 -0.2916197 0.33319372 0.23215827 -0.05321249 -0.22143266 0.14597006 -0.096701056 0.20936842 -0.07476482 0.25183126 0.083542265 -0.12337656 0.043547492 0.26569393 -0.11052153 -0.055690702 -0.20033458
0.14653546 -0.057325065 0.03362064 -0.013203502 -0.17940961 0.14826746 -0.2376296 -0.059609834 0.12412938 -0.060034994 -0.08004036 0.10622284 0.26662794 0.22574289 -0.09536471 0.18722577 0.14725243 0.2384575 -0.0070426064 0.040794417 0.09741441 0.1304049 0.046069153 -0.024126476 -0.0131668 -0.145107 0.08310816 0.16719896 0.14962102 -0.19974625 -0.04493956 -0.17210944 0.032942668 -0.21771525 -0.07876584 -0.010308423 -0.13762826 0.10519253 0.11568442 0.22432657 -0.13167775 -0.1182186 0.0513648 0.16809593 0.02604247 -0.08639291 0.18097733 0.2660553 -0.09342166 -0.16294438
0.24743457 0.031045971 0.09536701 0.14809963 -0.0712702 -0.19748037 -0.17961846 0.047961116 0.007220425 0.14415926 0.061794866 -0.22043587 0.008312358 0.017548429 0.087464504 0.052800644 0.2515102 -0.03478616 -0.040999256 0.0485449 0.13557073 -0.15691967 0.1484857 -0.011604659 -0.14890668 -0.12604327 -0.29913762 -0.00643226 -0.09136902 0.0671417 -0.25436446 0.061569266 -0.13835075 0.106877595 0.19968943 0.077973045 -0.08344952 -0.0018415451 -0.06532823 -0.14785126 -0.1647647 -0.27544957 0.13106187 0.18128525 -0.062401053 -0.13654004 0.21594375 -0.092027195 -0.044426277 0.1057349
0.27786127 -0.29919714 0.13992265 -0.01975684 -0.23829882 -0.65001035 0.12360098 0.0479655 0.24279763 -1.616085 -0.21062967 0.0008238554 -0.03019118 0.08773242 0.22182809 0.045074623 -0.09056666 0.22931129 0.62332547 -0.19426426 -0.33812135 0.037634645 0.13806954 -0.18500559 0.024017148 -0.45679873 -1.2234502 0.13364999 -0.44893533 0.23126505 -1.0043275 -0.30274943 0.05904226 0.5430387 -0.48091915 -0.08025846 0.23592119 0.050513074 -2.4225883 -0.1610901 -0.06843689 -0.10617897 0.036712706 0.34887582 0.14389668 -0.2075455 0.080360584 -0.3263713 -0.28362337 0.0061971694
0.1538568 -0.11712469 0.094219804 -0.23761797 0.06769193 -0.121256046 0.14130609 -0.4098227 0.14440583 0.37965924 0.17833146 0.086755425 0.20304279 -0.1933767 -0.1255394 -0.0066204453 -0.15017061 -0.42587999 0.09710657 -0.11317533 -0.06736227 0.3172384 -0.2041052 -0.0565689 0.15855946 0.3264075 0.26906243 -0.11558385 0.023324588 0.06917755 0.22228666 -0.06747812 -0.21529132 0.22250234 0.33839262 -0.04111272 -0.30702358 0.15583472 0.23807839 -0.087607056 -0.23424087 0.0323264 0.15601435 -0.25181758 0.22779545 -0.051198363 -0.11312574 0.22431731 -0.55399275 -0.020420626
0.17307736 -0.055941373 0.16661759 -0.17455752 -0.13846463 0.22662638 -0.06879179 -0.18402925 -0.1988734 -0.14325842 0.08807473 0.025472566 0.062121585 -0.17443377 -0.07560748 -0.13133563 0.088565364 -0.14235158 -0.16234565 0.1501766 -0.18690518 -0.13960034 -0.17838007 -0.012902871 -0.031017736 0.10308732 -0.16998664 0.04193504 -0.1657094 -0.041900173 0.18728502 -0.065218866 0.1841109 -0.19188714 -0.21726514 -0.13287559 0.16608755 -0.043301374 -0.23082495 -0.20349854 0.036482766 -0.04993403 -0.09799375 0.18256031 -0.1056668 0.06256245 0.107991174 0.09693284 -0.1006349 -0.12063371
0.2818128 -0.27770498 -0.10568421 0.08671742 0.053113706 -0.39585984 0.10730319 0.50886 -0.069303565 -0.8517144 -0.3118092 -0.0027919412 0.11525443 0.1831087 0.016266698 -0.23386966 -0.47824365 0.28610468 0.6283367 -0.17806593 -0.027844254 -0.38242653 0.3254327 -0.3829267 -0.23573546 -0.53015226 -0.7483588 -0.20700069 -0.45984244 0.2601743 0.0070773712 -0.13991454 -0.18173948 -0.09881585 -0.42160866 0.34438458 0.40616333 0.1221443 -0.2290278 0.075141385 -0.07449652 0.1539718 0.39334095 0.29553646 0.358002 0.001960501 -0.30513743 -0.19603437 -0.14533296 0.23362099
0.2559109 -0.2461704 0.036090963 -0.14709945 -0.0507401 -0.79471946 0.1508049 0.17234209 -0.24844334 -0.38164574 -0.31986988 0.15031458 0.06653855 0.17604588 -0.06866352 -0.12147072 -0.22540672 0.31379566 0.5294 0.047540143 -0.2842434 0.23294792 0.5086852 -0.07677211 -0.062830344 -0.7049833 -1.040514 -0.1710651 -0.03561549 0.5153623 -1.8760574 0.061860736 0.22264789 0.3590354 -0.3927166 -0.29768616 0.19818193 0.0978833 -0.27809116 0.001134485 -0.1531795 -0.1991094 0.28820786 0.50849086 -0.09388703 -0.08424121 0.013698147 0.17834131 -0.085306205 0.03687559
-0.24625248 0.3313976 -0.0030116946 -0.13320461 0.17937496 -0.18351465 -0.23859811 0.11317212 -0.2894664 0.07901005 -0.011980999 -0.23423418 -0.2962731 -0.12961058 -0.056872174 0.17283715 0.046588812 -0.0116903335 -0.2890663 -0.083273456 -0.12579823 0.0062174504 -0.2792152 0.6715761 0.23815161 -0.3558061 0.23946236 -0.0047533214 0.22617982 0.17084882 -0.18563479 0.43455285 0.06624456 -0.05691011 0.51224256 0.040869735 0.088667646 -0.013051197 0.075572684 0.05870466 -0.016703282 0.1751304 0.20166656 -0.06981126 -0.33996633 0.21111937 0.13318318 0.021215228 0.13567436 0.08104642
50
0.02120349 0.035345264 -0.023651507 0.02311348 0.0036149845 0.037184995 -0.02424283 -0.017432846 -0.017543837 0.02189936 0.047597054 -0.01313592 0.057296887 0.024224138 -0.020228283 -0.01843129 0.05451882 -0.00023325763 0.024390642 0.0 0.047564186 0.05591004 -0.010149953 0.035608184 0.052784275 0.02386631 0.011377623 -0.012457113 0.0381279 -0.048021592 0.031180894 0.05505275 0.0 -0.026163021 0.057650916 0.042845465 -0.025463264 0.0 -0.006240945 0.0 -0.016372388 -0.029018655 -0.017399604 0.008452814 0.06122686 -0.0058598174 0.028434709 0.044006594 0.033518836 0.0
50 50
-0.06397067 -0.04357854 0.14567623 0.11365146 -0.18090697 0.2547801 0.43329325 0.24597159 0.08475997 -0.166263 0.14809145 0.17210332 0.153595 0.19022891 0.2278487 -0.004869801 -0.06341428 -0.10059191 0.13539314 -0.14845966 0.22992752 0.21338381 -0.06977008 0.016130475 -0.10672184 -0.13679405 -0.21650513 -0.20412219 -0.24433249 -0.061010942 -0.2725944 0.13817962 -0.1466509 -0.02021136 0.043025017 0.20587867 0.00026741624 0.23251708 -0.13217483 -0.037533075 -0.1304344 0.19503127 -0.3073825 -0.14553131 0.17972142 0.08275008 0.12933637 0.30119407 0.14118926 -0.09927598
-0.02851452 0.06453748 0.14077616 -0.14566736 0.13348566 0.038247876 0.058038145 -0.5723121 0.05614302 0.207093 0.05402311 0.06932368 0.042008135 0.081277736 -0.3907501 0.22436687 0.18228103 0.07067977 -0.18341851 0.05593378 -0.28657347 -0.18405284 0.03424633 0.1650379 0.13569187 0.23504539 -0.058428243 0.16882454 0.057921592 -0.16173497 0.14580232 0.14200504 0.22117558 -0.21488786 0.1612989 0.111035526 0.12427391 0.22651066 0.043174718 0.20750812 -0.27884528 -0.012828393 0.13882205 0.13381636 -0.09567703 0.044420477 -0.2801706 -0.0024997243 0.109564334 -0.054415017
0.10636626 0.14419644 -0.1451287 -0.1805448 -0.1055146 0.124640234 0.079884365 -0.23203729 0.03440879 0.1813986 -0.047505975 0.1349826 0.06149173 -0.17000178 -0.22307797 0.022339491 -0.12082081 0.108235136 -0.10935998 0.11807365 -0.22967851 0.07612191 -0.184882 -0.14604566 0.062024046 -0.04541725 -0.10836634 0.1593148 0.22179906 -0.042968616 -0.14607857 0.10736646 -0.10950031 0.19114333 -0.21498504 -0.13798758 -0.079391345 -0.18230072 0.012404113 -0.11558082 0.11387357 0.17390227 0.06530187 0.024060644 -0.030968845 -0.14362435 -0.22213319 0.24257895 -0.22863382 0.20728908
0.24465843 0.2382755 0.40467343 -0.31145793 0.34769076 0.28526226 0.012002742 -0.9076816 0.0026490514 0.47716442 0.30445576 0.1103436 0.07765817 0.03148789 0.43137422 -0.004697835 0.46806988 0.18788199 -0.08690487 -0.30049366 0.19387291 0.0223462 -0.6802081 -0.25326347 -0.22601649 0.16634104 0.062573425 -0.15199587 0.24150525 0.18174468 0.09371753 0.13260636 0.29021513 0.07518803 0.18231435 -0.18457825 -0.22291964 0.00093511527 0.17992158 0.038578086 -0.2596455 0.5337029 -0.014305945 -0.14003778 -0.08777852 -0.038962286 -0.16836165 0.13981993 -0.2755188 0.16282074
-0.07600139 0.20419617 0.24571593 0.051419985 -0.116912104 -0.039836593 0.24102935 -0.20607238 0.19562712 -0.13217442 -0.018080166 0.009663092 -0.022685362 -0.016937312 0.109231114 -0.15753366 0.23887844 -0.24442828 -0.15327318 0.18391523 0.10131917 0.16085505 0.01403807 -0.047076058 -0.2114406 0.08133172 0.17992045 0.0010372697 -0.0672848 -0.009718239 -0.104353115 0.1241703 0.04462048 -0.19577526 -0.1925572 -0.087552264 -0.21562596 -0.028686184 0.008997388 -0.10246079 -0.13958395 0.08603953 0.0013114475 0.2236298 -0.11171925 0.22038205 -0.29180488 0.26759535 0.14827694 0.18354878
-0.22189665 0.24192426 -0.015958073 0.30656707 -0.13999195 -0.40751693 -0.15872753 -0.093324535 -0.1252778 -0.57020086 -0.881001 -0.049157225 -0.28946057 0.01758168 -0.5802154 0.45682228 0.20713346 -0.029433742 0.1258564 0.15477628 -0.94656134 0.0074601714 -0.0571357 0.24643594 0.030410752 -0.20738818 0.2823026 0.088872895 0.8720117 -0.1722931 0.11837764 -0.27052647 -0.28694162 0.069335885 0.27349553 -0.09413918 -0.17710659 -0.33233824 -0.09641988 0.82190937 -0.10560403 -0.42847133 0.24536571 0.21062225 0.08264442 0.38687074 -0.40265742 0.06708357 -0.23973586 0.17159955
-0.24079822 -0.14530541 0.16491105 -0.05336389 0.05818829 -0.2001205 0.22883396 -0.096905276 0.19118112 -0.19599876 0.0803663 0.08021532 0.18248037 -0.20061077 0.05735184 -0.09342514 0.23050767 -0.147156 -0.19170445 -0.017914342 -0.2169124 0.12703754 0.13867134 0.16796468 0.094237596 -0.033242732 -0.21059775 -0.098468505 -0.020031393 0.06852572 0.10133636 -0.097708195 0.23990148 -0.05970868 0.03579528 0.16506712 -0.033559546 -0.03287153 -0.047522698 0.22726446 0.23521982 -0.0875149 -0.12186998 -0.17465742 -0.14627942 0.064756215 0.0023611244 0.17909068 -0.07276182 -0.0972788
-0.14110753 -0.27537102 0.543469 -0.44863766 0.35914984 0.13875932 0.5020002 0.8533212 0.0072757 0.08410781 0.36044145 -0.101608865 0.45113274 -0.0056916014 0.54500735 0.09975172 -0.39817968 -0.094597 0.06647158 -0.33532476 0.618985 0.15846418 -0.060426667 -0.120137274 -0.36678287 0.015610178 0.08871671 -0.23396292 -0.1444164 -0.079499975 -0.030222759 0.48710993 0.53935117 0.4117583 -0.40446398 -0.22150812 -0.15332478 0.51338893 -0.34006262 -0.27340424 0.23746666 0.3286633 -0.3729723 -0.25162664 0.12963249 0.6884303 0.45714092 -0.49027795 -1.0802345 0.12722462
-0.1265583 -0.21828766 0.03258086 -0.087059855 -0.3257439 -0.034495037 0.120470196 0.057728484 -0.43304363 0.007888396 -0.091624886 -0.2213752 0.13474174 -0.3676638 -0.081273645 0.01625151 -0.053340346 0.17594226 -0.116236806 -0.23351514 0.19462042 -0.14377573 -0.097322024 1.0482888 -0.11817962 0.22410227 0.14417015 -0.10966827 0.48448968 0.102212414 0.21270688 0.35485604 -0.21272008 0.36106616 -0.028592912 -0.071837835 0.101900265 0.0062784324 0.4933639 0.24856108 0.2690327 -0.3650126 0.019136632 -0.047459222 -0.16241246 -0.13733399 -0.30543232 -0.22440933 0.06600226 -0.04887733
-0.08197224 -0.12212731 0.018426735 -0.4144088 0.27200955 0.09906834 0.59615475 -0.48456705 -0.09287885 0.07224715 0.24274231 -0.20304734 0.002935026 -0.1668966 -0.3988556 -0.04463408 0.23184545 0.16597734 0.07483017 -0.27370143 -0.29573852 -0.23412038 0.046256308 0.030468006 -0.53865105 -0.13556135 -0.037369553 -0.2976459 0.16979745 0.24452807 0.0103596 0.1144781 0.24649559 -0.08213426 0.017273407 -0.3632982 0.11834173 0.15855016 0.008883867 0.2787117 -0.46735924 -0.13252954 -0.027149789 0.19903016 -0.2027538 0.27426785 -0.0002996018 -0.2792416 0.0788729 0.13683422
0.18964188 -0.04453109 0.16709094 0.14046642 -0.3564049 -0.0105680255 0.003929323 -0.09588983 -0.16396381 -0.22139604 -0.22501862 -0.15343931 0.041498493 -0.31944564 -0.033109564 0.14572805 -0.0018547573 0.23097907 -0.0026569543 0.027563334 -0.007037452 -0.10366899 0.009902651 0.2399065 -0.037048083 -0.004301808 0.06351225 0.21452369 -0.20522171 -0.03737916 -0.074076846 -0.1320296 -0.15634385 0.09943553 0.19963317 0.11110347 -0.1332392 -0.39635715 0.059464462 -0.009129257 0.23072487 -0.40562612 0.27403432 0.08539351 0.04673387 -0.045976017 -0.05229323 0.08195208 0.014652826 -0.10209093
-0.2327743 -0.06580542 0.07873674 -0.021180823 0.16139637 0.094530694 -0.057525285 0.05247684 0.1092875 0.10093038 -0.123216346 -0.03939388 0.12040246 -0.058608066 -0.07696164 0.022860577 -0.151462 0.11119141 0.22816224 -0.08662401 -0.1655266 -0.031750426 0.19355126 -0.20336509 0.065796755 -0.17820796 0.001188653 -0.16416162 -0.02048729 -0.21493544 0.23085831 -0.045434628 -0.014576218 -0.22028005 -0.007628655 -0.1662952 -0.11519867 -0.2062848 0.14510645 0.19394055 0.008945897 -0.016715586 0.11918532 -0.104680665 0.14139597 0.22359723 -0.24346128 -0.15536146 0.07448678 -0.03878112
-0.11223182 0.18856804 0.3547743 -0.09882511 -0.06975987 0.09767576 0.044272695 -0.09662115 0.1458852 0.018468205 0.027220435 -0.029328039 0.15587503 0.09880167 0.25449488 -0.18349259 -0.07345172 -0.025814027 0.041105125 0.07603442 0.133051 -0.23920044 0.13660252 0.26086304 0.1335113 -0.17100699 0.14860004 0.061828017 0.107095316 -0.20389882 0.085762724 0.16504537 -0.0164846 0.26951072 -0.063232794 -0.049774207 0.22782184 0.008821639 0.2704812 -0.29698542 -0.11341983 0.22296345 -0.008409941 0.054847315 -0.19555716 -0.18581295 0.17930369 0.30034795 -0.08503886 0.08348971
-0.20163749 0.0075816754 0.12404712 -0.17964204 0.1344944 0.3075992 0.15325782 -0.0064536287 0.29143646 0.030156607 0.34302503 0.06265958 0.3874404 0.07188901 -0.0420531 -0.23927158 -0.24006477 -0.06406604 -0.051802453 -0.101395175 0.31396645 -0.18122607 0.108498916 0.23658344 -0.22871396 0.014746932 -0.4193989 -0.27606001 0.14440197 0.11404674 -0.28150684 0.43547395 -0.1024061 -0.11335371 -0.17254029 -0.23940717 -0.0026341528 0.08241019 0.18655236 0.20768021 0.059470836 0.11821423 0.093059234 0.15585619 -0.13342695 0.27175006 0.17111099 0.2114274 -0.040664796 -0.14477426
-0.14845589 -0.17388031 0.035092335 -0.19105512 0.38399133 0.28003368 0.5552935 -0.5926319 0.06964742 -0.38533187 0.34489086 -0.04033311 0.17936262 0.32913813 0.4780634 -0.5142557 -0.17698409 -0.05464284 -0.23313004 -0.25761285 -0.0049884287 0.04925509 -0.05132223 -0.07873875 0.015167103 0.039161272 -0.28652316 -0.1644244 -0.25623372 0.021780238 0.0012786639 -0.06618597 -0.2014118 0.018667461 -0.010946652 -0.02228271 -0.20945409 -0.030150127 0.19773251 0.2211221 -0.3897561 0.12272918 -0.26021796 0.00909167 -0.12715983 -0.1252141 0.32456478 0.17044814 0.25850663 -0.06455364
-0.08056946 -0.037763547 0.03192304 -0.12763223 0.03713669 -0.09986483 0.12281556 -0.0008623451 -0.13540396 0.12402889 -0.011935294 -0.020432856 0.012593352 0.057644576 -0.22712232 0.11399591 -0.07794214 0.20525755 -0.11966371 0.090638526 -0.084887385 0.0779537 0.11318876 -0.14223133 -0.19657901 0.16593982 0.13357557 0.19223198 0.03996878 0.13760884 -0.16215733 -0.116199374 0.096419685 -0.06728491 -0.14265075 0.12206269 0.11200388 -0.07188893 -0.15725055 0.1961829 -0.055711847 -0.10172845 0.01429208 -0.15899308 -0.012548134 0.059691038 0.2181659 -0.16616154 -0.18227315 -0.08135967
-0.010536417 0.18114291 -0.1540571 -0.0873883 0.10472438 -0.10134346 -0.030013347 0.1118071 -0.0448956 -0.09384129 0.14788233 -0.060937636 -0.18498717 0.0066584186 -0.09470424 -0.16192028 -0.06292136 -0.01257436 0.12565362 0.17858557 -0.11377826 -0.00030466687 -0.12898673 0.23021884 0.075866975 -0.024186369 -0.04142015 0.23392601 -0.064219125 -0.05229439 -0.072513804 0.13268949 0.22317924 0.07850654 0.23273674 0.27687836 -0.016051695 0.011767742 0.18581389 -0.01816384 -0.09855232 0.08201544 0.28664923 0.20720595 -0.19171375 0.20854534 0.037534572 0.30971062 0.2575536 0.02792112
0.16437541 -0.04767786 -0.016138032 -0.4461903 0.5021003 -0.16226527 0.18935212 0.31608865 -0.08918587 0.19289525 -0.04998099 0.20215982 0.090865776 -0.5362893 -0.3253105 -1.1860119 0.5495718 -0.16572177 -0.033945557 0.58138657 -0.28808388 -0.18321173 -0.001941048 0.49470377 0.046083536 -0.20520528 0.56891793 0.27728507 -0.089852676 -0.06678586 -0.102160364 0.029990667 -0.29247022 0.10064557 0.16180429 0.19870864 0.03297682 -0.57721025 -0.27464983 0.38819918 -0.18799697 -0.3147159 1.0677943 0.45265436 0.18593176 -0.07994521 0.06503904 0.2679978 -0.3027143 -0.017978266
0.15604694 0.09131821 0.258995 -0.05545957 0.23359282 0.40805462 0.2491522 0.39826342 0.022814743 0.39308485 -0.0693719 0.008997757 0.20059155 0.10716086 0.5438189 -0.05039188 -0.25632182 -0.2266606 -0.2908176 -0.5117112 0.57835275 0.03443903 -0.119842134 -0.08525971 -0.3176164 -0.11123201 -0.23736362 -0.22770217 0.16730092 -0.043236494 -0.2612687 0.14637563 0.27685627 -0.43219376 -0.27652988 -0.22576846 -0.0041603893 -0.061137352 0.100235075 0.3384333 -0.017767187 0.3428779 -0.32650796 -0.090088844 0.14706703 -0.33309123 0.4117003 -0.0176922 0.055835422 -0.13108918
-0.019806668 0.2130015 0.103567526 0.1661749 0.14030756 0.22985299 0.18691652 -0.0067477524 -0.090959355 -0.07365082 -0.15808335 -0.19654399 -0.16515985 -0.05481495 -0.109023005 0.09870957 0.21265279 0.0895191 0.22316505 0.12509005 0.10795872 -0.15481761 -0.15088557 -0.034794196 0.1411333 -0.13203403 -0.1488339 0.12224589 0.06259097 0.22118182 -0.02696684 0.0056479126 -0.097246215 -0.16030917 0.08977465 -0.021331206 0.17819534 0.094068006 -0.11764413 0.025305346 -0.24384877 0.22890474 0.055716082 -0.13898358 0.1910703 -0.0211045 -0.09014554 0.10853325 0.21087013 0.1169949
-0.074305326 0.017920649 -0.3283354 0.19593406 -0.07063427 -0.1283283 -0.2715852 0.27057528 -0.2339449 -0.06657509 -0.18388888 0.08918214 -0.09046859 0.07689144 -0.2471457 0.18925147 -0.19320905 -0.18345103 0.008138024 0.16517162 -0.089479975 -0.23828825 -0.05774458 0.21293944 0.25933763 -0.07949824 0.20340943 0.21259722 0.2754197 0.19807442 0.013733435 -0.23656006 -0.26464358 0.10421856 0.12549086 0.20073467 -0.04565555 0.06879829 0.1657982 0.13460901 0.08305698 -0.31044272 -0.09220995 0.1264134 0.11702381 0.055791162 -0.31903136 -0.1649644 0.07744463 0.12443891
-0.013123319 0.11181527 0.35472462 -0.141152 -0.12871133 0.11929384 -0.09010612 0.30636922 0.07981926 -0.15897025 -0.42689535 -0.03479536 -0.30404714 -0.08947948 -0.096181065 0.07737639 0.11343394 0.1970454 -0.12966645 -0.0356867 -0.22006664 0.12968127 0.034019515 0.30317178 0.31025955 -0.14336528 0.042106062 0.03879905 0.0014464821 0.23746736 -0.23804896 -0.07573946 -0.17411777 -0.13878709 0.00039620016 -0.11690891 -0.13555998 -0.13396901 0.28961602 0.053302653 0.032376282 0.037075534 0.02366293 0.17977954 -0.20208947 0.07039111 0.12196932 0.17591847 0.13321535 -0.12901221
0.13546665 0.119743735 0.53808737 0.21231098 0.39850733 0.098839894 -0.010402819 -0.34929773 0.03910743 -0.19196728 0.06663531 0.0003570409 0.19190162 0.4298717 0.26618546 -0.6504287 -0.42137647 -0.0462659 -0.37104452 -0.006905993 0.47644544 -0.054242227 -0.3433556 -0.23239255 0.21775357 0.001750845 -0.04617084 -0.07709984 -0.32634762 -0.12815592 0.13343018 -0.07804088 0.34083036 -0.049446464 -0.47766334 -0.08553753 -0.040539965 -0.17626576 0.32314193 0.40532532 -0.13602465 0.41464683 -0.36848992 -0.18728673 -0.014387399 0.024066936 0.5621558 -0.2587029 0.6599827 -0.1532513
-0.090052634 -0.10160872 0.15536149 0.2830774 -0.075946406 0.05675635 -0.82328564 -0.09503961 0.015103618 -0.19372793 -0.21433279 0.19603904 -0.32693616 -0.098516114 -0.27979106 0.0947795 -0.24174508 -0.081738934 0.030037887 0.17177846 -0.1807537 0.072217084 -0.12249667 0.1872277 0.08496458 -0.10355676 0.28076312 0.27806497 -0.25458992 -0.044943243 -0.117342524 -0.278851 -0.3016852 0.036486108 0.22284369 -0.012548778 -0.2090638 0.0006572748 -0.1706348 0.014762671 0.07532029 0.12722138 0.26901364 0.1637397 -0.2376669 -0.028077798 -0.013730994 0.06067749 -0.1884327 -0.12636475
-0.14688846 0.15167227 -0.31386754 0.10446113 -0.015743297 -0.049014628 -0.08198509 0.032234658 -0.036563423 0.17132042 0.009839963 -0.20889373 0.08067755 -0.11323464 0.0871209 -0.044479717 0.08371501 0.05180855 0.023228 0.14621815 0.14943987 0.016729191 0.044468552 -0.046810698 0.21697968 -0.07590341 0.06841141 0.13817827 -0.063008554 -0.10512869 -0.12565777 -0.018138908 0.16303915 0.21625595 -0.111709066 -0.04322069 -0.052146167 8.232574e-05 0.24837987 -0.31403366 0.2543163 -0.26740128 -0.009967958 0.14302641 -0.09738413 -0.053403128 -0.02301692 -0.1449958 0.0019270058 -0.051060993
-0.22483909 -0.29447854 -0.119777344 -0.021689197 -0.23819073 -0.19262731 0.23989196 1.1871837 0.3964728 0.39196315 0.67496693 0.029089723 0.120217875 -0.20179255 0.23999093 -0.42654267 0.21505566 -0.21285895 0.35521886 -0.19181955 -0.13533358 0.17901132 0.64602965 -0.012883082 -0.27033427 0.048154026 -0.35155097 -0.26857752 0.13013189 -0.03731422 -0.16636524 0.051181063 -0.16307011 0.0031706751 -0.18319935 0.14046574 0.14818986 0.12701875 -0.252584 -0.01050812 -0.0054966663 0.2601581 -0.5000993 0.30751878 0.03159035 0.39769956 -0.11025977 0.14067897 -0.44704002 -0.14049807
0.15851454 0.33454198 -0.13088511 -0.051054645 -0.1474987 0.3603105 0.0775543 -1.4731687 -0.059432153 0.12454621 -0.18334562 -0.2551566 0.030695876 0.2145936 0.11479558 -0.3224762 0.19763303 -0.112594604 -0.6506474 -0.3585498 0.27839386 0.052269086 -0.31301737 -0.055714343 0.12814179 -0.112595215 0.09179123 -0.20682974 0.018241232 -0.23577566 0.096213415 0.15460928 0.15789577 0.13393472 -0.17408699 -0.22848077 -0.19249193 -0.37314126 0.07342896 0.2008281 -0.03425728 0.29567066 -0.2610007 -0.08467332 0.047700666 -0.32846805 -0.0729324 0.004605134 0.05129826 0.106317505
-0.013678595 -0.13744456 -0.22261193 0.09165836 -0.12001881 -0.12373008 0.18320264 0.18896763 -0.22041413 0.020576308 -0.20435959 -0.016160054 -0.020830885 0.011702157 0.060022708 -0.14695685 -0.023678888 -0.053222075 0.02604895 -0.022883184 0.13046019 0.22530447 -0.15426931 0.24909875 0.04906985 0.16694333 -0.07972228 0.075368315 0.19997327 0.16501935 -0.011525378 -0.1969751 -0.029020518 0.0768018 -0.088979445 -0.22255795 0.04935901 -0.14403863 -0.04894224 -0.19777577 -0.15638049 -0.026783824 -0.13273402 -0.22760321 0.21007185 -0.029562978 0.11276245 0.06666435 -0.09751977 -0.04299658
-0.17412087 0.20752035 -0.28913087 -0.124864064 0.11069852 -0.087854184 0.16729845 0.26448476 -0.17445703 -0.06424622 -0.17542183 -0.19222651 0.1285743 0.056772336 -0.13986894 0.058634896 0.08441003 -0.22133723 0.18667044 0.050585296 -0.07366105 -0.18269917 0.15164517 0.07019368 0.26979682 0.22153723 0.2763689 0.24652034 -0.25191128 -0.12430557 -0.17493157 0.06641054 -0.20602447 0.16639604 -0.009595026 0.1595374 0.13337515 -0.000120122546 -0.009285216 -0.030608544 -0.10280924 -0.21152312 -0.10083131 0.09925989 0.1186472 -0.092553414 0.11686087 -0.048476674 0.22696419 -0.17518318
0.036292985 -0.13485168 0.7795493 -0.15563346 0.02111567 -0.12315194 0.21639696 -0.8384572 -0.34488815 -0.10723031 0.07767442 0.0028157937 0.34722662 0.013922031 -0.11497866 0.022464361 0.17599365 -0.21172878 -0.3187666 0.17450331 -0.55893 -0.192345 0.23894344 0.28471965 0.061615884 -0.069093175 -0.45871127 0.061264686 0.27951854 -0.098747924 0.20580795 -0.07716263 -0.33053192 0.08512011 0.6465804 0.11414052 -0.124917954 0.12614456 -0.1443462 0.31297493 -0.3524548 -0.24563354 -0.21117999 0.25672093 0.040806197 -1.1616871 -0.49384513 0.25225475 0.6795974 -0.1208332
0.22015543 0.026566515 0.15646198 -0.6211391 0.1603125 0.37683877 0.14914457 -1.2064157 -0.02002219 0.30193868 0.24809894 0.08221332 0.03832008 0.27395782 0.11181835 0.20339872 0.25524074 -0.12500152 -0.23332907 -0.17200452 -0.07781678 -0.15926886 -0.50534034 -0.121487655 -0.43473065 -0.19728935 -0.32514122 -0.35547042 0.25319433 -0.05318348 -0.18408455 0.011680876 0.2710109 -0.08716119 -0.32900685 -0.18218833 -0.21151738 -0.16248697 -0.05048787 0.3155143 -0.20560092 0.029122137 -0.0892536 0.08265655 -0.042829715 0.06925706 -0.0035529896 0.1708328 0.03941638 -0.09038155
0.20983608 0.2529701 -0.24251325 0.30015218 -0.37580472 -0.21751334 -0.14890695 -0.07639972 0.1158033 -0.015069056 0.24734084 0.0040054875 0.15513828 0.14060132 -0.18611237 0.24520886 0.0633068 -0.21260741 0.1920059 0.21006827 0.0062854406 0.18781032 0.27938414 -8.766384e-05 0.007411805 -0.15563956 -0.08346691 0.11611272 -0.054910693 -0.15008986 0.0065411623 -0.15721613 -0.14544941 0.21187066 0.24653861 -0.17676291 -0.22293068 0.2456935 0.27991936 0.024709081 0.30211273 0.053011477 0.05115342 0.20868234 -0.22792391 -0.214764 0.06587078 -0.122273676 -0.075205006 0.017100656
-0.18583313 0.010717288 -0.11924179 -0.080062956 -0.16819212 0.043013915 0.11889641 0.07768695 -0.119551435 0.23015235 0.20149027 0.14718656 -0.19349974 -0.21440575 -0.053758845 -0.08980508 -0.103149444 0.018329367 0.16111515 -0.1868772 -0.24103451 0.22659875 0.14024778 -0.1994254 0.15605189 -0.17237988 -0.10124968 -0.065803096 0.014525339 -0.115425676 0.06823559 -0.010985225 0.05376871 -0.20315969 0.035133973 -0.11792147 -0.16307116 -0.17041343 0.11741571 -0.033420146 0.060051665 -0.18340857 0.21334104 0.14249362 0.0012761652 0.11507283 0.18266518 0.065331504 -0.0076506883 -0.22358704
-0.115770355 -0.23822531 0.24911809 -0.1432019 -0.18689293 -0.065734245 0.13416123 0.22557482 0.31339145 -0.19516917 0.17795637 -0.10246193 -0.09202917 -0.005940698 0.35322708 -0.57260436 -0.20618284 -0.02431932 0.024873603 -0.10133679 0.10658349 -0.05565326 0.3167771 -0.12810215 -0.2296502 -0.19983922 -0.070682146 -0.30845186 0.23353009 0.020343885 -0.09841887 0.026745679 0.0631953 -0.22810265 0.09495522 0.15787792 -0.048488677 0.1965526 -0.3274126 0.16780272 0.1879859 0.4066083 -0.34487897 0.106630854 -0.1789795 -0.26117304 0.37628108 -0.24934597 -0.7802094 -0.10316249
0.09178893 -0.12258718 -0.30593637 0.23123248 -0.05777418 -0.17966302 -0.34950462 0.16795051 -0.21844389 -0.33274686 -0.6196175 0.09635581 -0.26641813 0.010633041 -0.28245938 0.31175828 -0.09284604 0.06997301 0.058701586 0.14935918 -0.31911546 0.18951158 0.11631677 -0.01752644 0.10128076 0.00255391 0.13477284 0.22358556 -0.09058348 0.040470883 0.09470497 -0.48382458 -0.22709598 0.21112409 0.23840594 0.15044211 0.1745338 -0.102794565 0.25971466 -0.23420471 -0.08295619 0.0025362913 0.309721 0.25518465 0.0064555854 0.012754143 -0.18591224 0.08134652 0.22955391 -0.054299146
0.14696656 0.1521538 0.05136867 -0.17412095 0.036782116 0.31691653 0.2701635 -0.32291564 0.079331495 0.5658184 -0.07736753 -0.09834647 0.34451976 0.14304377 0.18527143 0.33916342 0.45227695 0.08657406 0.18748559 0.086347125 0.1689352 -0.16076376 -0.24831316 -0.08603455 -0.04462829 -0.264118 0.1528498 -0.08446256 0.24298531 0.1066971 -0.06551122 0.05047973 0.33956003 0.08351912 -0.080343455 -0.11288993 -0.10597777 -0.15322357 0.083659284 0.19628933 0.097189866 -0.18261234 0.16683662 0.1413251 0.033066243 0.14377661 -0.115187116 0.3447272 -0.06959005 0.030413404
0.1491832 0.06572075 -0.5386479 -0.3021083 0.12991858 -0.2646617 0.36562312 1.0258795 0.10346767 -0.20633905 0.036907237 0.19131014 -0.03772483 -0.30861473 0.022842744 -0.004407558 -0.041298218 -0.1673098 -0.24246018 0.092757165 -0.17363973 0.16179244 -0.22246978 -0.24798833 -0.24172622 0.12963279 0.1392525 -0.048655506 -0.090546526 -0.23290442 0.0869769 0.025095195 0.059749376 0.009611545 -0.0191399 -0.3767917 -0.23713341 -0.24439004 -0.22928622 0.016696991 -0.12338987 -0.28842726 0.17368466 0.006746789 -0.024968624 -0.28049296 -0.1380254 0.17551875 -0.16005039 0.13493226
0.109763995 -0.08868116 0.15512566 -0.14224179 -0.069748685 -0.13298106 0.079349294 0.008903429 -0.043444514 -0.15703174 -0.15229869 -0.0043056905 0.039808556 0.17826332 -0.1985303 -0.18073201 -0.062324658 -0.07778026 0.15693907 -0.045810312 -0.20299986 0.083053276 0.175938 0.1267428 -0.08297697 -0.19611609 0.06333451 0.19003995 -0.23341396 -0.069134206 0.027465805 0.016844258 -0.072121084 -0.028420612 -0.19250724 -0.21806143 0.1788707 -0.1185129 0.0028178245 -0.047389522 -0.08398934 -0.21580695 0.031699553 0.051940426 -0.21062228 -0.1931952 -0.14752382 0.24266551 -0.030746281 -0.109028265
-0.1268986 0.17268118 -0.2653275 -0.6114863 -0.17812072 0.14320122 0.0833685 0.0949517 0.1788411 0.50214386 0.1849871 0.022713358 0.16709414 0.16970165 0.044763524 0.8792149 0.81458426 0.11063911 0.2873643 -0.5385803 0.3305207 -0.21165392 -0.852539 -0.38854054 -0.37611905 0.13362405 -0.6776646 -0.27750012 0.26683614 -0.17565656 -0.12036769 0.18515077 0.49267125 -0.052095085 0.25038302 0.21241283 0.15669595 0.081587695 -0.16731694 0.11466962 0.14807767 0.30844182 -0.5927676 -0.089460224 0.22037725 -1.4275078 0.01868487 0.39455125 0.21217 0.11850278
0.23861586 0.07612641 -0.0017113686 0.0218717 -0.07908662 -0.148206 0.084758684 0.02945353 0.043586478 -0.23733531 -0.047501817 0.17443435 -0.19106048 0.22764067 0.0643629 -0.040062606 -0.21597672 0.21322979 0.028044388 0.10085122 -0.15723258 0.050651893 -0.19855331 0.10185735 0.16393144 -0.16555306 0.009496376 0.077806726 -0.15564379 -0.12374493 0.008465603 -0.054135516 0.12167318 0.07760401 0.02585654 0.075706646 -0.22132881 0.17735822 -0.22922443 0.1973391 0.050844356 0.16166581 -0.24084401 -0.08128925 -0.0349966 0.0030336678 -0.23982807 0.21579637 0.18877809 0.17696871
-0.03257042 0.12741783 0.21051253 -0.11068369 -0.052785307 -0.1567412 0.13372383 0.08865003 -0.020244796 -0.009033255 -0.14036363 -0.2231628 -0.019314006 0.19017397 -0.014558049 0.03228967 0.07330194 -0.08702329 -0.023347862 0.09113732 0.2308341 -0.027938532 0.011235505 0.07362726 0.028674988 -0.10049486 -0.0195432 -0.09844396 0.22107294 -0.20981365 -0.17334087 -0.11313429 -0.1347344 -0.16644625 -0.051310606 -0.22263305 0.14962049 0.22581236 0.25253338 0.14926644 -0.17999561 0.06714438 0.03178562 -0.05665676 -0.010437205 -0.19553486 -0.14037117 0.2767406 -0.0805433 0.02610004
-0.17590839 -0.027499627 0.14556214 -0.14014518 0.090420105 0.013420989 -0.2576982 -0.17951204 -0.11192666 -0.19659778 -0.08764805 -0.20856257 -0.22569402 -0.20752062 -0.018961737 0.12770401 0.11379337 0.20255847 0.07583194 -0.2558609 0.23567206 -0.23442078 0.17431362 0.07924057 0.090251595 -0.20102008 0.16556573 -0.21214738 0.042525265 0.13909163 0.18793939 0.05241791 0.06696249 0.96763945 0.22267884 0.14657451 -0.19851582 -0.27658218 0.12206408 0.15703246 -0.054906543 0.250852 0.035699915 0.2386821 -0.08737643 -0.068946145 0.30587056 -0.049364846 -0.097179525 0.18863069
-0.1887435 -0.004125256 0.25479284 -0.0062212865 -0.09428594 0.29418257 0.2677717 -0.042868618 0.25063545 -0.1644345 -0.11070043 -0.17804345 0.28309235 0.1664632 0.31968585 -0.40343398 0.30780002 0.10626103 -0.06394769 -0.20413192 0.12749214 -0.19266084 0.17662148 -0.20735542 -0.24420294 0.1487024 -0.3213647 -0.2933186 0.043618895 -0.1309495 -0.064311616 0.1408865 0.41201392 0.012291876 -0.30264616 -0.09693106 -0.12595233 -0.1629337 0.13372913 0.19621426 0.23646381 0.11717942 -0.30355212 -0.085215434 0.042724065 -0.22252892 0.43541226 0.08780301 -0.2455989 0.052042305
-0.20804325 0.027777929 0.26559445 -0.036721174 -0.011030993 0.29194382 0.4334805 -0.079092935 0.06659116 0.07222448 0.424416 -0.10785582 0.21151939 -0.060189288 0.4583965 -0.17443238 0.116424136 -0.0889682 -0.21828464 -0.17931809 0.30496165 0.096850686 0.05813428 -0.032397464 0.16120687 0.0729563 -0.110018015 0.091441885 -0.15858139 -0.2348801 0.10549705 -0.023358312 0.14821523 -0.042725675 -0.0071123536 -0.17262758 -0.17214629 -0.281959 0.19926018 0.1506281 0.046558782 0.19039753 -0.22837718 0.008712389 -0.1837672 -0.280141 0.2684224 0.12165202 -0.05931956 -0.16908798
-0.12538937 0.3029472 0.13258128 -0.009150092 -0.15922096 0.16338271 0.25839803 0.1497705 0.13963595 -0.099148 0.072975695 0.018091759 -0.21209386 -0.07331699 0.23436122 0.21598902 -0.21204028 -0.0930821 0.17936367 0.1847928 0.06883777 -0.14657044 0.05836914 0.21716402 0.15169784 -0.17362712 0.04137665 0.020139256 -0.24754643 -0.18582611 -0.11686936 0.21909708 -0.02069393 0.030531272 0.0867875 0.06675815 0.005071953 -0.0042810524 -0.08096477 -0.097966656 0.068938464 0.15172784 0.066440254 0.058206696 -0.09731919 0.23912455 0.1809307 0.24944983 0.17561498 -0.17448679
0.044749543 -0.08544734 -0.17981116 0.18097673 -0.13200957 -0.1876415 0.16925232 -0.028968751 -0.098856874 -0.23678823 0.22187041 0.053001277 0.05962523 -0.20846264 -0.05367872 -0.24295041 -0.21795225 0.037367538 0.21076132 -0.05933958 0.11267753 0.23622997 -0.060140193 0.22954418 -0.21941233 -0.23853123 0.074937925 -0.20479596 -0.060958974 0.18487318 -0.043977067 -0.12207611 0.17480811 0.13104205 0.119219586 -0.09881839 -0.053909227 0.07559837 -0.12949713 0.22945859 0.24127652 -0.1746561 0.17822793 -0.19397335 -0.121673346 0.19822259 -0.018460006 0.22859295 -0.11470261 -0.18286656
0.13541041 -0.02576594 -0.3111274 0.18186523 -0.0071647693 0.10463414 -0.40907875 -0.12707818 0.09452024 0.17297013 -0.13819237 0.1517922 0.02355986 0.12388725 -0.0071094623 0.30246213 0.15084204 -0.15413561 -0.091331765 0.15932375 0.09996849 0.105748706 -0.090642914 0.27677387 0.24192256 -0.16073196 -0.077700704 0.035261612 -0.24499056 0.12311198 -0.009613473 0.07833415 0.11461155 -0.11249219 0.22176561 0.098701015 0.114425495 -0.098388575 0.028781675 -0.08647824 -0.096061386 -0.26145718 -0.02267768 0.029987456 0.12501153 0.037242983 -0.08102455 -0.16058947 -0.11477927 -0.12654556
-0.19822446 -0.10202814 -0.26347536 0.28919894 0.352585 -0.18961725 -0.39867947 0.25551996 -0.32482734 -0.47109 -0.84729815 -0.11707386 -0.3317902 -0.27241406 0.021783927 0.071771204 0.20238578 0.04568188 0.25171813 0.26973265 0.03115846 0.112954274 0.07560161 0.2429234 0.16095509 -0.22715114 0.133851 0.09944498 -0.09008931 0.15047233 -0.19914795 -0.24016765 -0.011034018 0.18738806 -0.018212644 -0.014534034 -0.015910193 0.11195448 0.17081961 -0.14051579 0.23210092 -0.28712448 0.23724791 -0.12255314 0.13494103 0.3166268 -0.32483363 -0.018740494 0.13321793 -0.18948522
0.100372866 0.13277149 -0.25572586 0.03466757 -0.20048924 0.45519146 0.320395 -0.30277696 -0.2783299 -0.17016456 -0.43892786 -0.09444386 -0.051888518 0.13232446 -0.08804158 0.91063076 0.42744476 0.008522257 0.00998472 0.11606897 0.20168409 0.17514926 0.10863625 0.23329884 0.21528566 0.14637478 0.37167627 0.45502165 -0.19508554 -0.045266196 0.07125466 0.111692786 0.19378668 -0.17422044 -0.20230338 0.27263027 0.21021019 -0.005137394 0.25428295 0.13013476 -0.04691891 -0.15930878 0.4661485 -0.02506524 -0.21121083 -1.1370206 0.1409115 0.059936993 -0.44936436 0.09205787
-0.15607443 -0.18879864 0.045655444 0.17938118 -0.12257493 -0.17287554 -0.0029811114 0.18798874 -0.057566777 -0.23233198 0.20207386 -0.03870222 0.21836014 0.18358977 -0.111370996 0.00010442734 -0.19764885 0.21843912 -0.044039845 0.19737573 0.05168511 0.03009303 -0.018142194 0.16450478 0.077696875 0.08821015 -0.1927375 0.1410224 0.21561264 -0.16873197 -0.20634708 -0.027272344 -0.16119295 0.24135996 -0.057747588 -0.05133277 0.12548666 -0.1151519 0.06471272 0.012834594 0.14148329 -0.12015027 -0.09957208 0.20166914 -0.1506341 -0.13345078 -0.07051526 0.03079389 0.0740494 -0.0016258657
50
0.0 0.07189271 0.02848254 0.05330013 0.042104114 -0.050356317 0.073136285 0.07462262 -0.019109435 -0.00570826 0.13542165 -0.036426917 -0.020669034 -0.0041371225 0.0209247 0.06983991 0.049353812 0.0 -0.033042695 0.03797677 0.026448298 -0.021465492 0.06872466 0.054590065 0.041344006 0.0030493634 0.04632254 0.04176982 -0.037673905 0.0 -0.04411824 -0.0038787187 0.053508308 0.048408467 0.04412162 0.051131405 0.0 -0.00943761 0.077267736 -0.040079895 0.04212585 0.013319492 0.0053063165 0.059727635 -0.013874126 -0.002929449 -0.01943678 0.07512014 0.045069497 -0.006868611
50 21
-0.13704911 -0.12635939 -0.032422096 -0.1446404 0.18311828 0.2550917 0.197983 -0.14099443 -0.2041175 0.09617427 0.02104947 -0.1542849 -0.22512013 -0.071434885 -0.20487338 -0.0558908 -0.20467377 0.26330307 -0.26120317 -0.15862978 -0.019888341
0.2751289 0.32588786 0.13229334 -0.030337162 -0.16167827 0.027256135 -0.016655415 0.16065915 -0.11755166 0.10995497 0.14768516 0.32757527 -0.0025989297 0.13012104 0.015519425 0.20341623 0.045422763 0.020826712 0.25834602 -0.06415656 0.088411294
0.12250545 0.4588043 -0.6504103 -0.007888931 -0.089060225 -0.122787684 0.044493593 -0.60803276 -0.12965265 0.00626323 -0.038211506 0.41767997 -0.13916652 0.035145503 -0.047911704 0.25396025 0.077853456 -0.037744883 0.024615945 0.06458482 0.5612352
0.306673 -0.23322973 0.14989924 0.050759707 -0.027893199 -0.11644542 0.070044585 -0.1799758 0.04269816 -0.013765768 0.10721617 0.101339065 0.060484335 0.07851934 0.023127096 0.25560045 0.041786775 0.08206795 -0.026765987 -0.026173852 0.4298522
0.3994138 -0.29464024 -0.38345903 0.055509005 0.059286457 -0.10611177 -0.13373266 0.5006988 0.16954616 0.19943847 0.10125029 0.12142108 0.07911688 0.12722693 0.046579164 -0.26654315 -0.038769275 0.0019621085 -0.36196366 -0.07140277 0.371575
-0.29948267 0.46507287 0.34057444 0.03108913 0.04772226 -0.119449854 -0.3984916 0.26672617 0.07352634 0.05570349 0.058247786 -0.06696026 0.1618151 0.12523322 -0.04288606 -0.1276598 0.13188137 -0.030910887 -0.12631825 -0.11430948 0.19839473
0.43492 -0.34711367 -0.57222396 -0.050363675 -0.07765827 0.0008783011 0.09903935 -0.004409009 -0.19799297 0.012913845 0.0075248363 0.41456127 -0.12882236 -0.08969904 0.034403667 -0.7251171 -0.06065097 -0.04258282 0.60595644 0.049948197 -0.1474901
0.45295003 -0.5010797 0.051189296 0.050110616 -0.046756096 0.007905536 -0.3470777 1.472209 -0.06626275 0.078024134 0.047082912 -0.73053277 -0.0058640996 0.06965678 0.0013277124 0.035944298 -0.022718593 -0.008952756 0.07376747 0.03863031 0.24524438
-0.041480795 -0.04963562 0.29095152 -0.004999643 0.20349485 0.38266084 -0.045724884 0.25850525 -0.11475811 -0.028571188 0.061651412 0.15520331 0.06334938 -0.15380615 -0.096706405 -0.3073811 -0.1531808 -0.107992925 -0.24081297 -0.0015759913 0.20822476
0.004287959 -0.13881485 0.1117065 0.015954107 0.101433106 0.086147815 0.41074133 -0.6616501 -0.018325854 -0.071682386 -0.058357555 0.13436867 -0.08956782 -0.19207934 -0.052884147 -0.5311228 -0.040495336 -0.03904995 -0.14764124 0.013186416 0.44646862
0.5629874 -0.3539746 -0.34040397 -0.009095583 -0.07307375 -0.0951256 0.39354083 -0.07921608 -0.08667604 0.045384552 -0.011306049 0.47420248 -0.1574056 -0.014059303 0.03822287 0.64316976 -0.07888031 -0.04181535 -0.7163306 0.023530636 -0.053419646
-0.14827219 0.07256119 -0.040811494 0.002271838 0.032208454 -0.015786462 0.24818888 -0.066531494 -0.050282363 -0.095499285 0.06023908 -0.14336273 0.11474255 0.043710884 0.10519075 -0.11455882 0.13403663 0.12779486 -0.13363953 0.0005122809 0.1804107
0.22069518 -0.28841305 -0.506982 -0.0030328736 0.17556499 0.17644042 0.26304796 -0.5086464 0.17105606 -0.16066344 0.06323739 0.30261466 0.22395775 -0.04271353 -0.046403386 0.17241172 0.09475682 0.02849546 0.36466372 -0.1400832 -0.25469148
0.10878327 0.43899277 0.14697845 0.16007817 0.22037946 -0.1642027 0.055067137 -0.10640078 0.34969965 0.16487175 0.047451135 -0.08160197 -0.029325865 -0.10225795 0.122435614 -0.11977049 -0.10648593 0.10420743 0.08363016 -0.1645563 -0.013693365
-0.7390891 0.21268293 0.8341764 -0.03185586 0.007060983 0.25101927 -0.2810667 0.030585889 -0.0627946 -0.1404841 -0.07619005 -0.5661216 -0.13486613 -0.13041419 0.08566721 0.15863268 -0.20764562 -0.017461026 -0.18921092 -0.031056887 -0.21129596
0.3835192 -0.00065051584 -0.602621 0.023130985 0.13441385 0.024405366 -0.34105548 0.43715882 0.05227337 -0.011183799 -0.010553956 0.2857652 -0.026817126 -0.12401635 0.03554452 0.44468287 -0.11445039 -0.027118092 0.24860026 -0.02360936 -0.23991783
0.012498905 0.094296336 -0.2629617 -0.0125111565 -0.06827683 -0.12309618 -0.5742464 0.63622636 -0.064555 0.05756567 0.030494843 -0.39371833 -0.122906536 0.071852885 0.033287883 0.14219806 -0.0056897844 -0.047734205 0.343328 -0.015121607 0.3167767
0.27742228 -0.11896819 0.1838223 0.1980702 0.13986242 -0.16438612 -0.035669267 -0.13355714 0.198392 -0.19534451 -0.20206493 0.09663671 0.24801937 0.1594544 0.2104164 -0.20686898 -0.09743251 -0.22466934 0.09973204 0.22209343 -0.01772517
0.30776075 -0.29166833 -0.23889275 -0.05011185 -0.026498066 -0.11004082 -0.02532332 0.20856456 0.010696341 -0.21122779 -0.07462712 -0.24535148 -0.02909831 -0.09949608 -0.041196093 0.113503955 0.16696718 0.0723138 -0.028930265 -0.04278706 -0.13991995
0.3013004 -0.20230131 -0.06537981 -0.056111027 0.07423767 -0.09303205 0.32413116 -0.15641758 -0.12473128 -0.2748039 -0.117623 0.04589981 0.06881108 -0.10812878 0.098881625 0.093609765 0.21289931 0.15123777 0.030836653 -0.10275371 0.06596731
-0.63933796 0.008777387 0.9897574 0.010150007 -0.034425013 -0.19510633 -0.103783034 0.28385302 0.10079158 0.21747938 -0.004984245 -0.6224862 0.10991932 0.18397371 0.0074360147 0.22328919 0.08080689 0.014717291 0.3680279 0.07705011 -0.48741958
-0.081201866 -0.1611048 0.121963345 0.2570313 -0.107426 0.21413274 -0.2161869 0.07749846 0.026571551 -0.25050974 0.04761022 -0.26731968 0.1567569 0.1481304 -0.023390412 0.26321578 -0.090267 -0.01812244 -0.06774386 -0.15067239 -0.0074465033
0.3208089 -0.5185734 0.21020149 0.011595968 0.002563386 -0.10182936 0.40820354 0.04559758 0.030538842 -0.028138101 -0.043356936 -0.035831165 0.036253206 0.08241377 -0.04458322 -0.23830645 0.071008265 -0.0030359714 -0.09961489 0.011235904 0.4537113
0.31771046 0.025850195 0.19777612 0.15021186 0.19274628 0.082072005 0.18366551 0.05977084 0.08519425 0.11761064 0.18161525 0.1926406 0.15665483 -0.13675752 0.035447422 0.23785093 -0.075828515 0.08127488 0.31735402 -0.085947305 0.2056895
-0.2413386 -0.09395919 0.16579503 -0.039418697 -0.02007622 -0.065371245 0.06385017 -0.27960014 0.06201193 0.09354448 0.046348285 0.3218843 -0.103274025 0.011861886 0.05629449 0.16384682 -0.12890327 -0.06568537 0.21557626 -0.047362275 0.14980654
0.21622656 0.13390517 0.12036882 0.27412143 0.27354684 0.12908956 0.015206922 -0.09309809 0.19432363 0.13268538 -0.28597343 -0.14821933 -0.009703379 0.1516468 -0.118121624 -0.050934065 -0.14807466 -0.023814188 0.052157443 -0.23221391 0.11784785
-0.08003994 0.0030904526 -0.064457394 -0.029211134 -0.044334665 -0.0314968 0.3002907 -0.22489598 -0.006606401 0.031062651 -0.0331619 0.041589737 -0.05517042 0.052236672 -0.04689055 0.2578188 0.04372894 -0.03654492 0.4149523 -0.0046394328 -0.10869673
0.29229128 -0.0010943766 -0.059473734 0.12051947 -0.020653127 0.15682448 0.24759342 -0.37747777 0.092801705 0.17483914 0.099416904 0.102669194 0.031507544 0.042981043 -0.17165065 0.34119296 -0.08919551 -0.06513028 0.08988369 0.13182265 0.13324639
-0.18240422 -0.39786372 0.102774866 -0.07187084 -0.05565024 -0.060368683 0.34242573 -0.477014 0.010325992 0.0067230263 0.028961295 0.3249289 -0.039493743 0.043204755 0.117847495 -0.10464648 -0.06136124 -0.013366302 0.096945584 -0.056721322 0.022292636
0.18762568 0.19769517 0.16630736 0.16870224 -0.009635061 -0.08236338 0.08597624 -0.041781172 0.28521428 -0.2169684 0.16633606 -0.2744517 0.09384197 0.28010085 -0.10241842 -0.26276857 -0.18474245 -0.2690148 0.045608193 0.109523505 0.105412334
-0.08592309 -0.19150808 -0.088607155 -0.20419112 -0.26036525 -0.2397649 0.123836905 0.16145517 0.05198512 -0.25652143 -0.22490014 -0.0072992747 0.2012111 0.17433581 0.044086937 -0.24633498 0.06910394 0.18460463 0.019817008 -0.15622501 -0.12607625
0.16950542 -0.097208336 0.052740846 -0.0250561 -0.051437616 -0.06930562 0.02066018 0.2971599 0.25248832 0.0355566 -0.1152228 -0.24830547 0.017093642 0.23254707 0.017960027 -0.383842 0.03605587 0.078933395 -0.20710932 -0.018981265 -0.65530366
-0.09467172 0.7249133 0.0052934717 0.08072979 -0.048064355 0.08313219 -0.0486838 0.2790033 -0.1585035 -0.1042948 0.037634447 0.054986402 0.080614254 -0.040613696 0.010999888 0.397966 0.003380467 0.1146475 0.34924784 0.12349059 -0.32645288
0.29999918 -0.13181622 0.15289786 -0.15143773 -0.10400832 0.08029449 -0.056796275 0.14065105 -0.26192445 -0.13923612 -0.15589327 0.20049982 -0.15069033 -0.20007338 -0.14406553 0.33326474 0.016632387 -0.10793077 0.18390532 0.02915949 -0.08408521
-0.024162225 0.059459288 -0.18470144 -0.0060651004 0.058100138 -0.029787108 0.055606082 0.13224024 0.04228165 0.016228406 -0.039231163 0.38053465 -0.011940864 0.025244018 0.05498835 0.35105178 -0.093208894 -0.045801807 0.06849836 3.8736776e-05 0.20536397
-0.120143004 -0.1422679 -0.1564674 -0.07719158 -0.1218645 0.017930593 0.19891489 0.21406105 -0.093980566 0.045239676 -0.08863474 0.061191063 0.036523964 0.09470739 0.10590619 0.05369325 0.020033702 0.014457364 0.20611285 0.05227306 0.31651634
-0.1217024 0.07278967 -0.11360198 -0.27441055 -0.062900305 0.06702173 0.0380435 -0.22124508 -0.086239606 0.19406825 0.14115274 0.0920105 -0.2764839 0.00048086047 -0.082441226 -0.13653062 -0.2604795 -0.108355954 -0.0670618 -0.15866491 0.2668539
-0.07023614 0.3417533 -0.09318107 0.054150037 -0.023038365 -0.019412354 -0.048585806 0.2936304 0.06729619 0.07636342 0.08502588 0.19784366 0.16920972 0.15146446 -0.08133395 -0.3382693 0.071445346 0.022596816 -0.07621498 0.07159396 -0.025086863
-0.101652265 0.25568882 0.24896263 -0.035463817 -0.02407892 -0.010767902 0.3068094 -0.15214589 -0.20707358 -0.17135502 -0.11894292 0.09027268 -0.11708044 -0.0077273585 -0.06541468 0.1998003 0.06385115 -0.042975437 0.3129747 0.09632657 0.083762035
0.2466143 -0.58792824 -0.10030982 0.031401668 -0.027033202 0.11431566 0.18650194 -0.17757171 -0.05178287 -0.04005988 -0.001036811 -0.2787902 0.029964954 0.01482667 -0.10438691 0.37327644 0.040204275 -0.00090487045 -0.20574065 0.1248731 -0.18785521
-0.064416505 -0.092675485 0.14548919 -0.07675576 0.035993867 0.11748111 -0.00863735 0.24468663 -0.038544334 -0.06673253 0.004118619 -0.24259812 -0.066382006 -0.08179063 -0.003754907 0.45242465 0.007845314 -0.024633624 0.09484513 -0.0825926 0.05471153
-0.5175132 0.45647782 0.56247354 -0.0032490415 0.071081206 0.07275332 -0.48792228 0.22951682 0.006913185 -0.047972053 0.07321723 -0.4719617 0.19385503 -0.07783879 -0.030952888 0.054528147 0.13220014 0.06940828 -0.75144213 -0.04144198 0.002584097
-0.024142208 -0.27926964 -0.27325723 -0.056400403 -0.103104815 0.019521413 0.33656186 -0.4608925 -0.087313496 0.11041033 -0.060584936 0.3416379 -0.06517547 0.07898226 0.0044925525 0.07392609 -0.04022539 -0.07921051 0.21517949 0.059791487 -0.09192796
0.1849597 0.048407856 -0.1600813 0.094006605 -0.014580234 0.10883746 0.29407072 0.20394918 0.18643402 0.16453756 0.0684291 0.087689936 0.07919875 0.15319529 0.13901158 0.27309656 -0.12777829 0.12208643 0.0927159 0.03953614 0.4190816
0.111064985 -0.0902015 -0.20464326 0.023939297 -0.13949366 -0.16624 -0.23297386 0.1695058 -0.2869308 -0.2651335 -0.12870616 -0.18989377 0.17389727 0.16364194 -0.2644054 0.107348256 0.04399038 0.29021826 -0.18116973 -0.0051799975 -0.08405844
0.31499553 -0.6284397 0.40412867 0.057722762 0.07928299 0.03403473 0.66379726 -0.22273423 0.03929017 0.02298425 0.0502519 0.09315758 0.08445494 -0.04211842 0.00015281164 -0.16099833 -0.009504757 0.018429345 -0.024757698 -0.016806444 -0.23000075
-0.22251554 -0.13310717 0.6327991 -0.0047635245 0.032276306 -0.029036187 0.0688734 0.30973467 0.024352405 -0.06319338 -0.0077490006 -0.33206347 -0.1025217 -0.14176667 0.0488033 -0.17631425 -0.093801156 -0.0077282605 0.30909106 -0.029810676 0.14511567
0.23142867 0.38575375 -0.14618653 -0.0070656766 -0.08263263 -0.20799343 0.18539846 0.19244678 0.21551844 0.09972444 -0.13413557 0.35126993 0.15680009 0.13005334 -0.14229155 -0.2711636 0.17071906 0.05226001 -0.119023524 0.024961686 0.3956421
-0.004189882 0.17826355 -0.09079054 -0.023989026 0.028582018 0.15192695 0.102510296 -0.18611361 -0.045524 -0.05349312 -0.016433321 0.195794 -0.03573517 -0.049022064 0.022812469 -0.25734836 -0.07630699 -0.010458856 0.24596876 0.025549412 0.33389202
0.15103373 0.17737377 0.20775351 0.22246255 0.007027051 -0.009144866 -0.2687899 -0.056741606 -0.083779514 -0.11712616 -0.27832183 0.08693657 -0.0539684 0.0023123834 -0.12854832 -0.27240834 -0.226588 0.22028181 -0.2546953 -0.14279336 -0.26818192
21
0.06705267 0.05507216 0.04761777 -0.04472159 0.023818336 -0.037799228 0.06818306 0.009107371 0.022361755 -0.09550681 -0.014785699 0.07576296 -0.049721565 -0.044268347 0.020552889 0.046988826 0.01354419 -0.06626045 0.06752084 -0.013623693 0.07114007