6 6
-0.0097761221064264 -0.0097761221064264 -0.0097761221064264 0.0 0.0 0.0
0.0207141489747575 0.0207141489747575 0.0207141489747575 0.0259018783659483 0.0259018783659483 0.0259018783659483
0.0 0.0 0.0 0.0 0.0 0.0
610.0 610.0 610.0 340.0 340.0 340.0
4
6 50
0.3214668 -0.0653247 0.17527002 -0.10928711 -0.22336344 0.25531265 -0.06904331 0.20216845 -0.2653408 0.1604328 0.27623823 0.2535027 0.06211185 0.020805921 -0.15743649 0.26720995 0.04707233 0.20499071 -0.044490095 0.38274077 -0.2001577 -0.29270914 0.35569727 -0.23198237 0.18042116 0.06915458 0.40925294 -0.038266897 0.3470146 -0.16063246 0.13139822 -0.01573478 0.023608152 -0.05610634 0.27745908 -0.12593663 0.27096987 -0.30514455 0.2328417 0.019816164 -0.26213467 0.22370362 0.063461125 0.023421062 0.31861508 -0.18757994 -0.16973323 -0.1663101 -0.25872648 0.1790815
-0.17466399 -0.09250095 -0.13315593 -0.07886274 -0.15171136 -0.31912717 -0.11176418 0.12208683 -0.12506026 0.02936205 -0.12780495 0.14459811 0.1123878 0.18836923 0.36020696 -0.176836 -0.313359 -0.052254114 0.18395698 0.013916599 -0.11558527 -0.26968992 -0.19740212 0.27917612 -0.017938323 0.08930809 0.08352636 0.20373882 -0.05620311 -0.29916668 -0.43384802 0.008185985 0.20708008 -0.12876801 -0.2210063 -0.21465015 -0.020800902 0.33391935 -0.10276576 0.027130641 0.18226989 0.07633872 0.0008073016 -0.23626493 -0.27381185 0.1290226 0.10411642 0.34969556 0.032116666 0.34675813
0.30522606 0.056952715 0.1861021 -0.2321779 0.3124941 0.13090463 -0.2706498 0.0687056 -0.1601852 0.04529452 -0.30101997 -0.057445116 0.020351801 0.23438674 -0.18076731 0.3631291 0.29172406 -0.22603975 0.038344618 -0.3598076 0.14406435 0.102238484 0.040753532 0.05566312 0.0030743147 -0.20160033 0.192458 -0.26737502 0.16576667 -0.18748412 0.15701263 -0.06432893 -0.34675208 0.3181169 -0.012344812 0.3850684 0.07763386 0.17853467 -0.09683235 -0.008195563 0.1315926 -0.043766674 -0.2538873 0.24627052 0.11949283 0.014348981 0.05466069 -0.23906314 0.25953794 -0.047097713
0.17070216 0.34143493 -0.37065896 0.32664245 -0.074068904 0.029611615 0.068260014 -0.050053757 -0.26706928 0.2397267 0.3117719 -0.46351045 -0.4388624 -0.39271635 -0.23363578 0.340043 0.03518602 -0.38064986 0.24780527 -0.35616785 -0.32961822 0.30533022 0.10631354 0.039413553 -0.29255953 -0.065448724 0.11872796 0.10535713 0.34117955 -0.31515014 -0.11783615 -0.16936243 0.05160934 -0.42898798 -0.4414623 -0.3340436 0.09631185 0.29357153 0.14074725 0.3012935 -0.27442044 0.15211491 0.32511345 -0.02931575 0.117395885 -0.06591735 0.16801953 0.19077913 -0.084404014 -0.032650944
-0.39231876 -0.07192069 -0.19809885 -0.21440157 0.22087365 -0.47729546 -0.044495583 -0.09809217 -0.03606358 0.27768925 -0.41662002 -0.35514775 0.10733514 -0.47695354 -0.26599666 -0.25540236 0.2746702 -0.30869746 -0.29046747 0.17250937 -0.05797848 0.27293247 0.051098548 -0.09292358 0.0045393086 -0.27075258 0.031032713 0.41086125 0.34814867 0.18031621 0.23964661 -0.06467873 -0.21771055 0.3157966 -0.35428074 0.29141533 -0.25557235 0.06322654 0.2599833 -0.35388824 0.2834967 0.34858248 -0.08907699 0.32110813 0.30099466 -0.4324834 -0.31334606 0.2858333 -0.37170532 -0.044263914
-0.14000902 -0.06643424 -0.014657038 -0.06936914 -0.11641751 0.3790847 0.06322062 0.099715635 0.37173408 -0.013779412 0.04477252 -0.4376127 0.32390025 -0.0649677 -0.055524193 0.07088644 0.33302382 -0.22509167 0.17199866 0.28985858 0.39324722 0.2426871 -0.38294622 -0.1272244 -0.43215802 0.405059 -0.23911776 -0.17928919 0.31234658 -0.27091092 -0.1848749 -0.3042068 -0.07991904 -0.5340719 0.2031367 0.33071265 0.08752724 -0.052365825 -0.21608658 -0.4118562 0.17149083 -0.20332737 -0.022835704 0.1297869 -0.093919754 0.030732224 0.3039208 0.077452615 -0.47330502 -0.1381723
50
-0.006454109 0.05249021 0.018815143 0.044829126 0.03414012 0.03206329 0.0 0.018175583 0.044612218 0.0122100795 0.049269963 -0.009520614 0.047844335 -0.024870457 0.0119639095 0.032518204 0.02257441 0.059745613 0.012956017 0.034925006 0.082730405 -0.00170801 0.00632266 -0.00428379 0.019994445 0.04157102 0.008323386 0.087208 0.01950337 0.0 0.026430331 -0.014130131 0.037040602 0.0059190313 0.02220205 0.03281449 -0.010971463 0.029743504 0.0033329474 0.02378076 0.04346656 0.059067156 0.08387119 0.017967947 0.035738762 0.061029352 0.080768116 0.039804835 0.028897753 -0.01636489
50 50
-0.1637964 0.032021116 0.07555745 -0.008823277 -0.16007614 -0.0912875 0.10525275 -0.16246437 -0.11594115 -0.21606998 -0.19658895 0.24927093 -0.07621391 -0.016653802 -0.018586691 0.04537504 -0.07829431 0.01581801 0.23065104 -0.22197136 0.065715484 -0.07144936 0.03264384 -0.024450148 -0.00063948333 -0.19642994 0.121489145 -0.005733203 0.17334391 0.007952413 0.1755589 -0.15525976 0.098561846 -0.12662974 -0.06113365 0.02261158 0.05472488 0.1909411 0.18410656 -0.003954824 0.14499849 -0.0069576395 0.05848713 -0.14999397 0.041811824 -0.16869338 0.24901344 0.15669905 -0.20781192 -0.113258705
0.16750151 0.06914772 0.28592652 0.020089353 -0.097243555 0.1836073 0.041366555 -0.24089463 -0.31753683 -0.06371097 -0.2177599 0.07522741 0.28385037 0.20174675 -0.21005768 0.21745983 0.33831823 0.053842783 0.05713771 0.10605509 -0.18103737 -0.026640672 0.20265292 0.20775795 0.028165564 0.020107664 -0.12035161 -0.07953984 -0.18687236 0.12244181 0.12410757 -0.07243086 0.07403993 0.16098732 -0.1099335 0.09802003 0.14416485 -0.03611404 0.06376187 0.2469855 0.24532224 -0.19473791 -0.18782537 -0.12153821 0.032639623 -0.08764303 -0.1640565 0.13572115 -0.28567865 -0.2886776
-7.52127e-05 -0.040249042 0.13182816 0.057431366 0.029829415 0.16314447 0.15903442 -0.08723296 0.027309965 -0.04097545 0.07417743 0.07499379 -0.189105 0.08367057 0.25379357 -0.09067141 0.29993102 -0.051523473 0.2527992 0.13049605 -0.17246819 -0.23298086 -0.051807825 0.06793448 -0.14500786 -0.036655247 -0.23310477 -0.030266503 0.30616415 0.1675138 0.32450086 -0.22924905 -0.113409765 -0.11434302 -0.07455556 0.0031629659 -0.28307414 0.1920582 0.3100495 -0.010924058 0.28684667 0.098917745 0.10852253 -0.10999812 -0.0526804 -0.05391274 0.19360662 -0.03397791 0.2138184 0.010781308
-0.49772072 -0.11751171 -0.32623166 -0.23631996 0.16012609 0.22603138 0.22515298 0.17934528 0.12835334 -0.1355595 0.12603135 -0.3068974 -0.24717109 0.10887234 -0.16046755 -0.13927019 -0.0046723783 0.23586042 0.12994003 0.009100126 -0.22743751 0.09084185 0.13527137 0.20385699 0.19020928 0.11176079 -0.26172084 0.23544624 0.0146105485 -0.3266369 0.21517311 -0.3541272 0.13086487 0.34476748 0.11168584 -0.2684947 0.13996293 -0.02687135 -0.13745165 0.24112433 -0.13819946 0.14921807 0.0863101 -0.03931099 -0.02170325 -0.18269478 0.11068567 -0.12623984 0.1551944 0.09196405
-0.20943598 -0.16856524 0.1445678 -0.009558659 0.3364992 -0.09736313 -0.20231803 0.09009437 0.20648474 -0.00031647086 0.14278437 -0.13423076 -0.21753693 0.0463299 -0.026331844 0.20692553 0.14518063 0.2994399 0.14995082 0.080746315 0.045973804 -0.14716168 0.38184908 0.08510832 -0.031024098 -0.28431427 -0.32903963 -0.6011776 0.33849308 -0.044369776 0.23360637 0.13680175 -0.16950363 -0.16728647 -0.031159852 0.004487991 0.30145484 0.048592687 0.15303262 -0.060564306 0.1887914 -0.21169664 0.2127272 0.026992962 -0.5265232 0.053662736 0.30301565 -0.45205122 0.30836293 -0.08441241
0.2429454 0.10693801 0.26047325 -0.15318088 0.1423967 -0.13931303 -0.0047115153 0.010694189 -0.120670535 0.11088322 0.083795145 0.1942463 0.17670849 -0.21312806 -0.20085603 0.17966935 0.040152315 0.15460004 -0.18201485 -0.319118 -0.24967767 -0.22897722 0.0026769098 -0.2724948 -0.017849669 0.12836592 0.03169225 -0.39427522 -0.16768992 -0.20464942 -0.06308699 0.049773674 0.188181 -0.32913375 -0.23447411 -0.13605268 -0.37206045 0.22398305 0.29828963 -0.044758208 -0.026293382 -0.040012356 0.15114604 0.06764348 -0.13488996 -0.26103094 -0.04371256 -0.022366492 -0.22782351 -0.28163987
-0.024195045 0.1486141 -0.113841504 0.094244555 0.19874679 0.1338854 0.21728115 0.0031895936 -0.20822838 -0.003048271 0.15096231 0.15720029 -0.21079181 -0.09651995 -0.09723951 -0.11826511 0.1007569 -0.10086453 0.1468171 0.1939878 -0.1821873 -0.202654 -0.08332105 0.111233816 -0.06915943 0.08454196 0.1496316 -0.23566717 0.19713436 0.051947787 -0.2174296 -0.1465359 0.04570292 0.15973662 -0.09991442 -0.012063652 0.022201315 0.17033727 0.029918179 -0.19963822 0.012115851 0.039736554 -0.10697614 0.14478226 0.23596542 0.20278244 -0.035875708 -0.12025755 0.13529636 0.19932665
-0.049234033 -0.21659483 -0.1444141 -0.18323408 0.13752487 0.018130193 0.09510177 0.20163098 0.03795436 -0.10124656 -0.23635261 0.23644847 -0.055785947 -0.24174044 0.23773913 -0.087836325 -0.045922372 -0.14629303 0.12651879 0.24779513 -0.06748254 -0.12200322 0.14647342 -0.21618213 0.13881545 0.08072703 -0.124913484 -0.04608165 -0.015556173 0.29083496 -0.21874316 -0.04836923 0.12652157 -0.13098761 0.17506391 0.23170276 0.25065163 0.09347738 0.05042406 -0.18539377 0.194799 0.15072988 0.017475517 0.03319554 0.012150202 -0.028901512 -0.05456832 -0.085699014 -0.071982905 -0.080811754
-0.35943922 -0.024896488 -0.04490837 0.061970882 -0.36322978 -0.11686958 -0.09985296 0.027765477 -0.21161029 0.041051544 -0.12591946 0.121583134 0.021462256 -0.119721726 0.012293848 -0.19019505 0.2297687 0.20065339 -0.04213434 0.22910424 -0.2263113 0.064084366 0.29689416 -0.060097262 0.10563479 -0.28204972 -0.23310474 0.21060295 0.21093155 -0.3613154 0.13958566 -0.1637319 0.10108661 -0.2898868 -0.06831251 0.16665216 0.09394896 -0.22164996 -0.17643966 0.041570842 0.0021357536 0.05435795 0.005419652 -0.11871472 -0.09667307 -0.20875609 0.15342936 -0.22258307 -0.116242535 0.19505914
0.06240009 0.16258825 0.26148114 0.23107156 -0.16979083 -0.1575531 -0.11271525 0.074673995 -0.17851065 -0.037932225 -0.03646362 -0.124262474 0.13658996 0.23091926 0.111246094 -0.16444644 -0.004137841 -0.014017936 -0.05377902 0.19440348 0.103838116 0.060803197 -0.15369903 0.18935765 -0.11312762 -0.024736226 0.15477313 -0.18650378 -0.14771533 0.06770523 0.08416474 0.2675147 -0.12106202 0.15781511 -0.038947158 -0.15638694 0.23875919 0.04338862 -0.045110304 -0.20718199 0.120080106 0.04532279 0.07961603 -0.16312233 0.090174794 -0.17755535 -0.22079922 0.0555798 0.04514637 0.14727469
-0.42854103 0.18030167 -0.07470642 -0.26270568 -0.43526778 -0.22684243 0.24038492 -0.21808636 0.08696683 -0.09259021 0.07690723 -0.2143783 0.044349562 0.08422439 -0.19135126 -0.092933945 0.026216017 -0.1868789 0.24922158 -0.26099774 0.24166952 -0.056803934 -0.11323094 -0.19596662 -0.23143974 0.17065223 -0.27902335 -0.40458632 0.019725416 -0.20070116 0.25799555 0.07652953 -0.4465881 -0.41501033 -0.12926233 -0.17735636 -0.37479642 0.15391791 0.0038908636 -0.403716 0.033871952 -0.08376629 0.1950962 0.0030800402 -0.0763642 0.15429041 -0.013972505 0.13394172 -0.5288194 -0.19507976
0.046370864 -0.13319029 -0.1708536 0.0341861 0.031519137 -0.06963737 0.08796454 -0.0130324885 0.10412618 -0.2438529 0.15038632 -0.14591265 -0.042676855 -0.1172481 0.24334246 -0.2515247 -0.2159893 0.036066104 -0.18204361 -0.07705225 0.20598887 0.10785043 -0.1789832 -0.08372435 -0.17801711 -0.17609881 -0.11376734 0.17598435 0.23396796 -0.1060577 0.21073489 -0.03979171 0.085221715 0.07477798 0.12329243 0.17423724 -0.11536032 -0.04995077 -0.09816369 -0.26945406 -0.016519241 0.254184 -0.08341804 0.20080705 -0.087614335 -0.11213203 0.111130245 -0.07038304 0.04545557 0.024261722
0.098488495 -0.2062857 -0.018197414 0.19728178 0.2935695 0.1640936 0.068456806 0.31891987 -0.050558507 0.021716379 -0.08876485 0.025386522 -0.17828998 0.02026316 0.20227753 -0.0403679 0.098493256 0.067241035 -0.14649244 0.25799543 -0.34016067 -0.027020052 0.2404092 0.15862566 0.09251036 0.2787637 0.13582605 0.0070214584 0.18125059 0.18261139 0.09131075 0.12798043 0.293611 0.020710774 -0.20348012 -0.22756064 0.16463429 0.253512 0.1631379 0.15183635 -0.06926334 0.10438727 -0.14694421 -0.18270029 -0.15907744 0.031716168 -0.034504738 -0.014749609 0.007906281 -0.002297092
-0.03835842 -0.24772358 -0.04492195 -0.07171068 0.22555076 -0.17140014 -0.09469643 -0.06832804 -0.018015945 0.08048072 -0.19832596 -0.16227053 -0.074738204 0.16806912 0.16312297 0.1902736 0.028659116 0.040401954 0.17585433 0.04320789 0.17017946 -0.26147935 0.12897998 -0.2843666 0.044208452 0.026200986 -0.19378805 0.079171516 0.2891736 0.04633496 0.16652599 0.13782266 -0.085713215 -0.15540457 0.19354038 0.046431243 -0.15129049 0.035520732 -0.111181505 -0.20993964 -0.17285222 -0.15024643 0.053839847 -0.0012963116 0.13439253 -0.20968291 0.16383395 0.038625646 -0.14137681 0.17841095
-0.07123243 -0.20580502 -0.04928252 -0.26505795 -0.21024719 -0.18619932 0.082079805 -0.18380243 0.31591275 -0.1107344 0.16400076 -0.44741613 0.06481589 -0.11835454 0.2075801 -0.27710104 0.22697069 -0.6392918 0.32403344 0.31487128 0.08731727 -0.11094744 -0.53359765 0.07052022 -0.05729866 -0.11190762 -0.10293243 0.05731792 -0.15803109 0.0033456956 0.24648134 0.10589861 0.03414207 0.3364529 -0.08875256 0.21159132 -0.03125055 0.24827169 -0.11318857 -0.15179689 -0.038530946 -0.42814672 -0.13435599 0.22137524 0.27103347 0.07171789 -0.04940837 -0.20540737 0.2309965 0.23990306
-0.111579135 0.18384053 0.25196052 0.026477486 0.1701599 0.19016117 -0.0795305 0.21585618 -0.18201923 -0.007950802 -0.1346283 0.0077385087 0.2966164 -0.23771766 -0.107585296 0.26968804 -0.038467288 0.2610211 -0.1265563 -0.2805229 -0.1170544 0.21298866 0.1941499 -0.19925025 -0.15236987 0.16483374 0.1556291 -0.04525964 0.073276475 -0.1813975 -0.15826187 0.22642572 0.17086099 0.19902863 -0.08897603 0.17316361 0.072830155 -0.0019611104 -0.060229626 0.055888657 0.15278889 0.17295258 -0.100048155 -0.011721253 -0.14190526 -0.06821455 0.23865078 0.1807195 -0.06548034 -0.12868312
-0.034257594 -0.1992392 0.06374904 0.31230962 0.024206314 -0.18331936 0.026494423 0.14798972 -0.33447158 0.14757301 0.21408321 -0.032986555 -0.099893615 0.19090934 -0.11554801 0.03879595 0.29202747 0.35259256 0.24005668 -0.28405052 -0.04768709 0.16746445 0.296034 0.19274512 0.030043617 0.010963016 0.13411924 -0.39106208 -0.12721908 0.09780245 -0.22406541 -0.23598978 0.056412984 -0.22188555 -0.08308487 -0.37891388 0.0014413528 0.16789295 0.18487574 0.073959365 0.015694661 -0.19856074 0.039229892 -0.22200316 -0.40940857 0.12320412 -0.12956664 0.106526345 0.102337286 -0.31800494
-0.39913872 -0.19785096 -0.152956 0.04418429 -0.121783875 -0.14003742 -0.15451318 0.11736472 -0.0156813 -0.21476147 -0.15079516 0.06170862 -0.14058486 -0.011782214 -0.13645686 -0.3206993 -0.54285634 -0.15498516 -0.038173795 -0.055269532 0.3546299 -0.0022351746 -0.5512316 0.117767334 0.13690896 -0.22317344 -0.12803102 0.13733833 0.09038924 -0.08774557 0.34813726 0.18236758 -0.006906844 -0.20880619 -0.107744016 0.34782872 -0.287366 0.20132841 -0.07825046 -0.13251548 -0.08249502 0.049383543 -0.27224514 -0.049743235 0.21416636 -0.059556186 0.010981427 -0.07515936 -0.118561044 0.31620947
0.3434595 -0.12962577 0.2241204 -0.1226611 0.065476485 -0.21085975 0.21470088 -0.1268927 0.20388284 0.020786053 -0.024088472 0.30132517 -0.046786394 -0.13398546 0.23587762 0.08832094 -0.00512245 0.062491883 0.13830793 -0.0538206 0.19545114 0.033717223 0.14499092 -0.01576937 0.03992383 -0.0027432018 -0.00858723 0.060082667 0.061248057 0.06375007 -0.057467006 0.107108556 -0.048340835 -0.012752435 -0.040514786 0.10589134 0.055220306 0.20249692 0.0045953523 0.105023816 -0.22950906 -0.24567084 -0.17670882 -0.22415312 0.09310315 -0.17237335 -0.04996774 -0.003362677 -0.20627905 -0.1351838
-0.20126905 -0.28762573 -0.10270722 0.051725894 -0.36074644 -0.17274116 0.2816489 0.3015055 0.09212142 -0.052882135 0.20981051 -0.12227595 -0.038224835 0.15931894 -0.11357594 -0.16662855 -0.020727288 -0.34303507 0.19859485 0.23861381 0.056287363 -0.009935525 -0.17405014 0.004471259 -0.13095772 0.1347868 0.0033463903 0.16342221 -0.32364842 0.25948426 -0.21452571 -0.044476505 0.08583899 0.067526765 -0.18939988 0.08874214 -0.35883886 0.12777378 -0.17496517 -0.20164503 -0.3042523 0.116556026 0.07335391 -0.045822695 -0.18928806 0.08961016 -0.06534205 0.15154344 0.050638825 0.18691464
0.30399162 -0.027737645 0.09033221 -0.18064098 0.36466843 0.14356692 0.25003734 -0.07997934 -0.108598016 -0.16016515 -0.16446447 -0.12906298 0.094652236 -0.12940592 -0.059783284 -0.024069808 0.109967746 0.11474434 0.26429886 -0.2056101 -0.04485986 -0.09762682 0.15514727 0.16917607 -0.026872054 0.22485302 -0.20937864 -0.06347976 0.078942575 0.020593872 -0.027805308 0.15209694 0.08077284 0.2740705 0.0005735062 -0.3967895 -0.0935756 0.07053595 -0.2980659 -0.09591643 -0.24584316 -0.08828246 0.1722464 0.022481337 0.069346525 0.049158465 0.21014251 -0.37630147 -0.11927352 0.04687931
-0.037321594 -0.26169652 -0.225465 -0.15437533 -0.039803453 0.032533366 -0.043847285 -0.4033521 0.2792067 0.06098791 -0.055720046 -0.053931672 -0.09712792 0.035269335 0.19454478 -0.09824041 0.22812459 -0.14592107 0.17752738 -0.2438019 -0.1529898 -0.17978172 0.14057598 0.23675668 -0.07382515 -0.15285125 0.034522034 -0.0024499758 0.13318942 -0.028961627 0.011775936 -0.1491663 -0.021488827 -0.16645284 -0.16428313 -0.27376217 -0.17645814 0.110753976 -0.122462146 0.028212734 0.120915845 0.09448988 0.0166565 0.09664704 -0.17704332 -0.28232515 0.11272256 0.1105922 -0.13697731 0.07589984
-0.1593886 0.2995698 0.0032219354 -0.19933744 -0.36879376 -0.02023235 -0.13859862 -0.23236555 0.20095542 -0.20727533 -0.0855321 -0.26548105 -0.19845295 0.028230444 -0.27411848 0.2610904 0.1228474 -0.18076533 -0.20589346 -0.06801506 0.10125852 -0.09895712 0.14366475 0.09008225 -0.23754765 -0.20162593 0.03824273 -0.31141973 -0.10795 -0.027495606 0.25072455 0.075332105 -0.034031764 -0.16995849 0.2643099 0.037370205 0.19671106 -0.2530186 -0.16518727 -0.19014198 0.028104503 0.13972248 0.1582103 0.21589549 -0.2131048 0.054057915 0.10339046 0.31096828 -0.19512253 0.1363163
0.22357406 0.056672003 0.21770293 -0.20859899 0.24880512 0.09576055 0.16936639 -0.20773889 0.21758324 -0.20110384 -0.2415778 0.016178042 -0.110485844 -0.11305661 -0.1364191 0.14044961 0.07052243 -0.016957728 0.16552956 -0.13932228 -0.22139099 -0.16166435 -0.03042068 0.029497826 0.15666558 -0.1619633 0.022961752 0.15803088 0.032743365 -0.2208978 -0.050110444 0.036049098 -0.11370114 0.3161744 0.14493614 0.17663166 0.28837022 -0.03124864 -0.28130874 0.20808108 -0.040839307 -0.39341745 -0.32365647 -0.14884664 -0.1066165 0.17156994 -0.13678013 -0.25728083 0.09860518 -0.00066474476
-0.39009157 0.11469452 -0.18394768 -0.2719937 -0.0005064719 0.12534644 -0.019404933 0.30368116 -0.0006993555 0.040478244 0.1213661 0.0038859274 -0.22307204 0.15466167 -0.2760009 -0.16467729 -0.23895009 -0.080849566 -0.026475297 0.1331602 -0.1415091 -0.14346005 -0.043538686 -0.15441065 0.1287645 -0.05951664 -0.2721368 -0.08568641 0.07089923 0.047133 0.10268907 0.08793827 0.2161496 0.10172968 0.20994756 0.18295324 -0.092186615 -0.0901167 -0.13495272 -0.063794084 0.1593033 0.12569089 0.21613662 -0.0139184445 0.2399452 0.1576093 -0.04430968 0.28512812 0.2561048 -0.0030224125
-0.08363321 -0.27311635 0.16665728 0.0053481157 -0.0642029 -0.06980923 0.350378 0.15374312 0.12170731 -0.14518918 -0.16076113 0.12792177 0.045714237 -0.21928018 0.028872728 0.09427882 0.07642131 -0.2638109 0.15545554 -0.08478808 -0.03178381 0.18727706 -0.19568548 -0.17592172 -0.022877708 0.2961411 -0.15882781 0.278461 -0.31256557 0.2704545 0.08631657 -0.2658459 -0.18539138 0.11085772 -0.40594605 0.15676247 -0.23995367 0.034942128 -0.20770016 0.17743167 -0.279594 0.22434002 0.034238484 0.12041424 0.13741812 -0.037885766 -0.06166595 0.056275446 -0.25840786 0.11265583
-0.014426246 -0.1739645 0.10248504 0.007894034 -0.16720955 -0.06464192 -0.26226482 0.19968916 -0.14163196 -0.06898534 -0.23297274 0.1856142 -0.05150627 0.15856941 -0.2429502 -0.13728079 -0.032099664 -0.11165833 -0.15442462 0.0092035355 0.27637175 -0.18849008 -0.16690634 0.14353561 0.22978829 0.08852533 0.18508041 -0.18893503 0.17422108 0.005941287 0.06864861 0.029615488 0.15513848 0.11592243 0.23185875 0.06752346 0.018789835 0.20341818 -0.022515837 0.054915484 0.22396655 0.094761804 0.20014307 0.012423292 0.056190457 0.23128809 0.0673184 -0.019463085 0.015823502 0.1659738
-0.07071622 0.07075707 -0.20185994 -0.13949156 -0.21278076 0.2006336 -0.16992363 -0.09908514 0.31926733 -0.09431195 0.096076176 -0.31061727 -0.02875094 -0.21035235 0.14278542 -0.15664059 -0.38360867 -0.1551722 0.009204521 0.16864161 -0.1475794 0.17628884 -0.042585198 0.03129295 0.1560839 0.22302891 0.15789677 0.40237746 -0.31535068 -0.024802554 -0.3280009 -0.1083992 0.13734019 -0.05796283 -0.039802764 -0.007693533 -0.19994125 -0.23169565 -0.4370342 0.2387664 -0.05409658 -0.13314475 -0.21319221 -0.19104746 -0.11853511 -0.19304314 -0.30633715 0.15864347 -0.12070461 0.21634662
0.22605704 0.21204177 0.041891158 0.21356581 -0.09722047 0.123783104 -0.13332275 -0.11760008 -0.18682514 0.19853385 -0.100322574 0.1889512 0.00023949226 -0.047045365 0.07134204 0.0053988583 -0.16586533 -0.197134 0.1451582 -0.14689942 -0.045468338 -0.19437084 0.017541645 0.07840809 -0.23453765 0.009013782 0.24601848 0.004239071 -0.16673277 0.24060033 -0.017325154 0.2524605 -0.0008510712 -0.046793114 0.062782526 0.020867268 -0.12164902 0.08789845 0.046641313 0.009350699 -0.11147335 -0.11921548 0.26773384 -0.16561764 -0.1534169 0.1758479 -0.122305386 0.2851008 0.13168944 0.073113345
0.02845414 -0.15912242 0.16138415 0.13014741 0.04510455 -0.21232395 0.12320255 0.19892742 0.20166828 0.1269748 0.15428232 0.13234 0.12984754 0.17496406 -0.23903605 -0.011405885 -0.055892095 0.16665064 0.1594056 -0.029923305 0.111583576 0.12507938 0.20200582 0.16016926 -0.08844049 -0.21193984 -0.20694777 -0.11471197 -0.19207758 0.22153099 -0.009288996 -0.100322634 0.20527588 -0.06978916 0.18876849 -0.22396466 -0.24377501 0.059014633 0.1686265 0.09829493 0.19725342 -0.23331428 0.010386333 -0.15335363 0.17651348 -0.23043443 0.01722975 0.1252534 -0.02983132 -0.04909505
0.16620454 0.16557777 0.057312377 -0.2929689 -0.28399077 -0.10661714 0.23910591 -0.40309128 0.014650041 0.07850881 0.11565496 -0.30104372 0.29949084 -0.092152014 -0.4288469 -0.11983148 0.1637209 -0.04836207 0.19708438 -0.23576446 -0.092344835 0.00066535175 -0.24357583 0.347542 0.1141627 -0.19573398 -0.059032157 0.23221098 -0.3378249 -0.22580734 -0.14686604 -0.21518539 -0.33126393 -0.38976434 -0.07809006 -0.31775594 -0.32214618 0.027399313 -0.119329914 -0.25548443 -0.03558277 -0.5090841 -0.17014924 -0.21137102 -0.095216215 0.085049905 -0.19694923 -0.47545213 -0.11671632 0.14243338
-0.083808005 0.06580894 -0.032160126 0.110436186 -0.1854405 -0.18049574 0.20321639 -0.18259937 0.074011534 0.23332198 -0.1291984 -0.13848653 -0.21809344 -0.055571914 -0.07827994 0.00989981 -0.025518317 0.16421486 -0.17047882 -0.22502272 0.0995824 0.0012516379 -0.08868064 0.22841573 0.07796486 -0.045826957 -0.10845272 0.12948246 0.12947902 0.109789476 0.20740582 0.22728571 -0.09522612 -0.100143105 -0.05379527 -0.18300048 0.22406612 -0.08419284 0.016758397 -0.012079885 0.0031921118 0.21710132 -0.21741845 -0.21333094 -0.011040586 -0.0029602535 -0.22096825 -0.22327763 0.07243179 -0.20777397
-0.054244224 -0.4599171 -0.014758226 -0.26330915 -0.3521766 -0.0032960624 0.37183785 0.13616627 -0.051378947 0.14442568 0.19327252 -0.35407662 -0.023475127 0.114917405 -0.22282656 -0.3708271 -0.199855 0.09260363 0.47753298 0.067199096 0.19055346 -0.1313936 0.15335318 0.08591012 -0.04172854 0.3786895 -0.4134359 0.49673674 0.14683546 -0.33163026 0.16285281 -0.31551698 0.01621025 -0.15879236 -0.035549857 -0.13716273 -0.35671595 -0.1916051 0.013888703 0.03905576 -0.55194443 -0.23721682 -0.4002031 -0.14340344 -0.014877529 0.13917983 0.31279832 -0.5078058 0.08666671 0.036950972
-0.12703374 -0.16071197 0.08088516 0.16676813 -0.015971132 -0.20613216 -0.10173305 0.079549335 -0.16134839 -0.24010278 0.20655356 0.004085242 -0.15357512 -0.061055794 -0.15133569 -0.23472926 -0.008819501 0.36919814 0.0228598 0.17690569 -0.12713912 -0.20811392 0.057569128 0.27305326 -0.036901623 -0.36630675 0.099787086 -0.3083925 0.23124796 0.110465124 -0.07627674 0.12861823 -0.21763445 -0.1429445 0.006384827 -0.19093041 -0.18896061 -0.3476219 -0.1433336 -0.1681456 -0.060186896 -0.2530952 0.16425128 -0.14726189 0.07534451 -0.06998162 0.057320457 -0.15283439 -0.099430814 -0.147983
-0.03496538 -0.07066307 -0.007422367 -0.024537837 0.0071028187 -0.038722716 0.27509624 -0.12122402 -0.01829338 0.05011794 0.16960599 0.2051614 -0.3728932 0.20771681 -0.2033666 -0.30810097 -0.09133056 0.18355843 0.28414023 -0.22796115 0.24103808 0.09880422 0.10213114 -0.08136788 -0.11437932 0.2730907 -0.25363284 -0.39731678 -0.022498585 -0.0395079 -0.014645051 -0.2487229 0.19472381 -0.2654108 -0.1314017 0.020064631 -0.20435748 0.009179746 0.27903256 0.008197031 -0.059241295 0.3171029 0.15759397 -0.13224323 -0.17995705 -0.0067154597 0.28133422 0.08565238 -0.32686058 -0.119205095
0.124142446 -0.13893647 0.11895047 -0.01431434 0.01034334 0.12270649 0.023796765 0.21545509 -0.17893776 -0.25379467 0.06018044 -0.090610705 0.103645004 -0.13201985 -0.24975021 -0.0005042599 0.3855762 0.24413854 -0.05705372 -0.2741971 -0.28666136 0.17320971 -0.028430207 0.038134195 -0.18125844 0.060106784 -0.26913232 -0.06749459 0.2024345 -0.090437755 0.04179205 -0.119716346 0.07348341 0.14048342 0.24752411 -0.30948502 0.2429695 -0.21504132 -0.17936689 0.26505753 0.0161888 0.090084754 0.19540566 -0.13853097 -0.14198695 -0.08893514 0.24227749 -0.33609527 0.2416745 -0.1968099
-0.19985065 -0.17276078 0.19029771 -0.23964381 -0.058751673 0.11766308 0.1826797 -0.06375579 -0.18019828 0.09003341 -0.12261225 -0.07759497 0.1934752 -0.21571119 0.1893626 0.16822885 0.060872167 -0.08601336 -0.045456257 0.11991745 -0.15798324 -0.22454111 -0.15153584 -0.23134576 0.18321826 0.13841134 -0.004992206 -0.16858539 -0.19929166 0.0652374 0.11045116 -0.13133998 -0.09270541 -0.24968378 -0.06480178 0.1878301 -0.1028893 0.22954343 0.29863906 0.029827273 0.18466614 0.18932803 -0.039557204 -0.158303 -0.13938963 0.023529537 -0.014087481 -0.16264898 -0.103038006 0.17388009
-0.081683785 0.20413248 0.2886252 0.15969205 0.1900628 -0.19437908 -0.112543054 -0.10413494 0.12429766 -0.011785914 -0.17767003 0.0097411405 0.18909825 0.05896535 0.022187373 0.26461846 -0.020807104 0.28176746 -0.057386097 0.18836638 0.09702246 -0.09589264 -0.12022824 -0.22809796 -0.20397894 -0.24928774 -0.09133999 0.23851056 0.010648918 0.25230706 -0.077872396 0.07737594 -0.14883709 0.1955789 -0.087707594 -0.22065541 -0.016240304 -0.17717014 -0.26516077 0.25527897 0.13561527 -0.28751773 -0.11442017 0.03885244 0.037708163 0.025815573 0.030302303 -0.35107762 0.08299789 -0.15526068
-0.1518928 0.28548038 0.1072847 -0.11415312 -0.08080458 -0.24211176 0.15205579 -0.24404934 0.1989844 -0.18849106 0.23081239 -0.019976974 -0.12742946 -0.1496799 -0.22830164 -0.2120057 -0.2534755 0.14307636 -0.07275413 -0.09159669 0.19329885 0.01636006 -0.070032425 0.062278714 0.017452791 -0.023338644 -0.011550856 -0.30324227 0.08170099 -0.19928572 0.040400807 -0.217515 0.07695719 -0.19656543 -0.12117427 0.07303281 -0.030602222 -0.31071672 -0.055539012 -0.16969182 0.069473386 -0.0995587 0.13385898 -0.052527353 0.13054869 -0.013866589 -0.24168555 0.19738528 -0.1141351 0.27533966
-0.028150894 0.10046047 -0.14386101 0.043190103 0.11128628 -0.08489624 -0.29624388 -0.044332154 -0.025296753 0.089059755 0.18704621 0.15664557 -0.09898886 -0.18988827 -0.1062303 0.20392075 0.015148901 -0.04191694 0.10212568 -0.16698779 0.18053776 0.1730277 -0.3005313 -0.15598376 -0.23303314 0.11215897 -0.13303997 0.18070082 -0.09556677 0.22384267 -0.26537567 0.24351083 -0.042660657 0.07922052 0.15197575 0.30749464 -0.19438149 -0.14286087 -0.098314054 -0.016897118 0.3691154 -0.21159226 -0.3007797 0.014964625 0.08646358 -0.17617515 0.11018905 -0.09025878 -0.12452823 -0.06444401
0.3143629 -0.028674161 -0.22338831 0.02623579 0.32982233 -0.20461985 0.32226092 0.20954493 -0.05919521 -0.22788884 0.15970771 0.054635413 0.07311443 0.17816307 0.17286758 0.19825701 0.15247035 -0.055120952 0.1708209 0.047194704 0.039210342 0.061467882 0.04477381 0.16000737 -0.017422527 0.177187 -0.34432995 0.08394619 0.24328211 0.033955432 0.21168138 0.09987879 0.21344386 0.16947964 0.22545978 -0.2536651 0.32567108 0.04089249 -0.05823952 0.31701446 -0.16083775 -0.09557996 -0.012391475 -0.16204612 0.1484449 0.15882492 -0.150447 -0.25957647 0.24207969 0.2607807
-0.078466415 0.23967329 -0.13941991 -0.06930322 -0.022554997 0.027821645 -0.10350141 -0.1132291 0.24403998 -0.0029438883 -0.19125876 -0.039086394 0.14032052 -0.10963229 -0.28024566 -0.07366569 -0.30995983 -0.06916633 0.15948083 0.23637313 0.13033621 0.2135296 0.03762559 0.10583647 0.2352118 -0.1531546 0.048673764 0.050779715 0.18111628 0.29591063 -0.0014082005 0.15671013 0.27989295 0.18617782 0.062101476 0.32168496 0.18789415 -0.23485619 0.06537094 0.15919161 -0.18825893 0.1959068 0.072714955 -0.24058506 -0.10420464 0.16440469 -0.14281444 -0.07190652 0.26847634 0.2518069
0.20448221 -0.065937154 0.13136762 -0.12730683 -0.23478404 -0.05067408 -0.17673789 0.039190676 0.01102535 -0.12228171 -0.052862972 0.21205929 -0.117627636 -0.03242828 -0.117682636 0.059939727 -0.20372345 -0.3794555 0.03547873 -0.018059168 0.23924829 0.11926491 -0.3941706 0.020748768 -0.16803221 0.06461844 -0.062829524 -0.021713927 -0.36983925 0.12940699 -0.26324537 0.049322322 -0.33380884 -0.12980427 -0.39234722 0.0661419 0.13529468 0.060836725 0.040543605 -0.13462399 0.18198177 0.10908878 -0.17564417 0.013614252 -0.0042553674 0.05012191 0.055279665 0.2012841 0.012829182 -0.14913903
0.056007113 -0.0069879103 0.038533647 0.10639043 -0.0058774655 -0.0626247 -0.017836826 -0.16604462 -0.22290955 0.14554171 0.00040845573 -0.1189898 -0.18403514 -0.07951832 0.06704906 -0.11848401 0.24517149 0.21148689 -0.240976 0.10813691 -0.14707683 -0.080402195 0.35347596 -0.15929486 0.07386212 0.07158433 0.031073602 -0.37751666 -0.04799831 0.1375451 -0.015395074 -0.23112202 -0.20112057 0.03151265 0.12726869 -0.0832947 0.20069988 -0.050791796 0.13233884 0.120750025 0.2737884 0.005665231 0.1601235 0.18100692 -0.4426614 -0.104389355 0.09741381 -0.12241342 0.029687714 0.02627033
0.14311087 0.26541272 -0.005890764 0.09334554 -0.008049714 -0.16156814 0.12329199 -0.1378342 0.08941135 0.04411297 -0.21410252 -0.22768699 -0.14181446 -0.22878678 0.018396864 0.24236463 0.13846758 -0.09220948 -0.11425012 0.14198616 -0.033416912 -0.11308677 0.24718864 0.21046051 -0.017859131 -0.066132545 0.20143545 -0.094373845 0.19662704 0.08615439 -0.0656119 -0.19965751 0.037861656 -0.2669267 0.17055254 -0.1983539 -0.24344416 -0.27677894 0.23859565 0.19405846 0.27796045 0.23129825 0.16173026 -0.076705456 -0.31511286 0.22558203 0.025023062 0.30850324 -0.08868249 -0.28656897
0.26741862 -0.08860897 0.25199026 -0.100982785 0.2499513 0.044396166 0.1401483 0.198994 0.16915475 -0.22577834 -0.115656644 -0.17504346 0.3103506 0.16823408 0.30026507 -0.23686221 0.020067835 -0.0757883 -0.08866835 -0.12860747 -0.22057125 0.08308744 -0.014451725 -0.14127232 0.035723403 0.10692369 -0.088708654 0.19533774 -0.013696511 -0.13249846 -0.12651569 0.22418435 -0.14258674 0.06891627 0.14987753 0.02085944 0.1879427 0.04612348 0.109313756 0.017861823 0.11359996 -0.089315556 -0.20549111 0.03325306 0.30934379 -0.3096545 0.037652317 -0.20078716 -0.14415412 0.10603263
0.335065 0.14376707 0.14794262 -0.039819922 0.3548657 0.21754283 0.31112048 -0.20279017 0.05583989 0.067292824 -0.07036844 0.3167473 0.28839457 0.1289192 -0.046955127 -0.107751556 0.1978518 0.11014103 -0.14085203 -0.24775362 -0.11248719 0.11452679 -0.120182134 0.02390008 -0.063814804 0.18593505 -0.006530582 -0.074219495 -0.27354148 0.053954933 -0.07757272 0.20212959 0.040122636 0.23481263 -0.1258571 -0.033604283 -0.09969793 0.19382532 -0.026855081 -0.13945365 -0.1670766 -0.20640449 0.08099079 -0.050002053 0.2862208 -0.32710198 -0.07294946 -0.2698344 0.15180692 -0.1718145
-0.031451248 -0.025925096 0.09835454 -0.04881484 -0.061812967 -0.08216367 0.028450595 0.0295318 0.2792048 -0.2194892 -0.24416728 -0.014887421 0.14722112 -0.054282624 0.08301856 -0.24409147 0.15921022 -0.42599696 0.19182155 -0.11645549 -0.05333996 0.024290679 -0.13967553 0.073331185 -0.07959558 0.35438022 -0.09947957 0.11342522 0.07855823 -0.11362015 0.0004407187 0.03268221 -0.1906151 0.0378476 -0.019683976 0.04544983 -0.002536756 -0.14078821 -0.093464375 0.041655224 -0.39979926 -0.34780383 -0.098583855 -0.13567863 0.030489136 0.13047951 -0.33528915 -0.07842622 0.017861983 0.24073455
0.17243297 -0.20277078 -0.19773087 0.23424014 0.37301362 0.0150858015 -0.029787889 0.010980052 -0.15899952 -0.08085188 0.026306465 -0.425489 0.055655908 0.014661476 0.26563036 0.0060681715 0.35925505 0.2784293 -0.035056207 -0.0074188374 0.044411663 0.00084631704 0.3049101 -0.05892002 -0.16337858 -0.2822506 -0.17104968 0.14250623 -0.06099965 -0.031384453 0.24649662 0.26484564 -0.07601261 -0.03695403 0.2303315 0.009395645 0.30327606 -0.23995815 -0.16828603 -0.12702832 -0.10514432 -0.01575357 -0.29374483 0.23012982 0.0764812 -0.1826443 0.2365623 -0.09618525 -0.042456158 -0.33455017
-0.08630705 0.25304177 -0.01562567 -0.09357209 -0.00436327 -0.10315617 -0.12939432 0.16271758 0.23921251 0.010621094 -0.1621137 -0.09271325 0.012698497 0.063266315 -0.04373812 -0.184115 -0.2174038 -0.073428445 -0.124531865 0.017349431 0.06289151 0.108595125 -0.24651963 0.17811994 -0.1403916 0.14135493 -0.046495635 0.274363 -0.01798243 0.053096287 -0.16974486 0.24987994 0.16972308 0.08605152 0.04857112 -0.047516175 0.14855367 0.14832036 -0.101174675 0.10802043 -0.14324865 0.03390408 -0.0723637 -0.15848026 0.2887037 -0.14162947 -0.22780584 0.046880636 -0.15219788 -0.101371035
50
0.035906784 0.035419237 0.017760113 0.01682304 0.016338663 -0.015174491 0.0029696294 0.010486952 0.06101639 -0.015590672 0.0 0.032394316 0.044292685 -0.008392053 0.0444837 0.050385743 0.00047695875 0.0289783 -0.00793448 0.030781852 -0.024478622 -0.03246373 0.013355402 0.0008588782 0.0 0.0096061025 0.012422653 0.051904548 0.017948357 0.041691285 0.025534421 0.022951782 0.041706245 0.033239808 -0.004697557 0.027281001 0.024722943 0.011178174 0.0052482034 0.012047062 0.03142365 0.010423332 0.019332381 0.0 0.03542062 0.048357364 0.024673 0.024470149 0.060123317 0.036575098
50 50
-0.08232714 0.25946456 -0.055132724 -0.0043208306 -0.13845922 0.28168786 0.16110675 -0.19468373 0.09353798 0.019149052 0.030562062 -0.06807683 0.331334 0.19180514 0.05377235 0.017139345 -0.3979644 -0.19716157 0.063826755 -0.028780118 -0.06939334 0.2798769 -0.04881024 -0.17869118 0.027587699 0.24538098 -0.04412807 0.04697952 -0.07666826 0.14619222 -0.2258879 0.011022991 -0.051778134 0.09658506 -0.21609211 0.22284006 -0.027954562 0.15505622 0.03220716 0.102389246 -0.24679111 0.09462122 0.2051743 0.30452007 0.27432248 0.18631336 0.057671636 0.1642381 0.13325563 0.081974745
0.2584711 -0.120205514 0.10715059 -0.04815397 -0.21171743 -0.10451594 -0.08535117 -0.17597184 0.035638053 -0.22285816 0.22839797 -0.04387732 -0.026426665 0.1512791 -0.1351805 -0.03165861 -0.2508504 0.09008858 0.09891499 0.19556724 -0.030246533 0.05318748 0.0865525 0.16232075 -0.1569282 0.08711585 0.10201581 0.11248724 0.09978581 0.2497674 0.0058187977 -0.12963608 0.22865182 -0.2557187 0.0076168627 -0.18961489 -0.030968597 -0.21091813 0.21369253 -0.100295596 -0.13093321 0.107567355 -0.34116343 -0.0691849 0.32737836 0.3062304 -0.12468026 -0.029889753 0.091435954 -0.2149168
-0.090786636 0.13757245 0.060558945 -0.095137686 -0.17653565 -0.041033655 -0.24202883 0.004256556 -0.09807196 -0.18363407 0.017728098 -0.23572351 0.22361596 -0.10714506 0.029506734 -0.048334636 -0.0920224 -0.20398523 0.14386299 -0.13414067 -0.112980984 -0.10696727 0.25564563 -0.14083502 0.23242524 -0.038011756 0.08200232 0.0033823971 0.113971524 0.0919293 0.11082176 0.098890476 0.06276969 -0.04245767 -0.09458397 -0.19178362 -0.006150488 0.14504881 0.28043377 0.33105132 -0.1252333 -0.20443362 0.09084945 -0.013828252 0.101970546 0.02787621 0.0016413985 0.09407273 -0.0103867855 0.21340187
0.23079595 -0.13686235 -0.26593697 -0.103672326 -0.016952451 -0.13027613 -0.08748996 0.04863004 -0.120886974 -0.16977724 0.010314783 -0.16641018 0.18217817 0.09954997 0.076105915 0.1956803 0.039683286 0.055612188 -0.16916157 -0.1268165 -0.1489275 0.14403145 0.1255552 0.25139102 -0.024262333 0.17065306 -0.24108283 0.266651 -0.081617154 -0.18646984 -0.2205033 -0.24574743 -0.063599475 -0.15487634 0.11219619 -0.15614085 -0.096905716 0.2023672 0.21835575 0.08067954 -0.21156733 0.22618651 0.018267693 0.23967902 0.27124327 0.031165851 0.07943339 -0.15043116 0.17737323 0.2854375
-0.025659466 0.09338008 0.17713028 0.20422812 -0.041249774 0.1805798 0.062022265 0.15157309 0.25333816 0.23483886 -0.017693322 0.17828344 0.114434816 0.14776635 -0.14673887 -0.23973568 -0.044446 0.15950923 -0.02285969 -0.07750444 -0.27495798 0.2024796 0.078093424 -0.16186696 0.30993074 -0.07439467 0.13558069 -0.063983425 -0.25618312 0.03014322 -0.37578213 0.09521923 0.052770916 0.21253923 0.23859535 0.2897301 -0.071406335 -0.102068394 0.06856585 0.21839954 0.014523114 0.08897926 0.10723244 0.23394676 0.06065568 -0.23233989 -0.0719967 0.1209268 0.14933267 0.04084633
0.08862423 -0.05874276 0.17999221 -0.060100183 -0.21606621 -0.04412612 0.13846363 -0.16502117 0.023667198 -0.053040657 -0.0018069138 -0.12498062 0.23502043 0.061378524 -0.030112118 -0.065345876 0.22463568 -0.19900194 0.23813793 0.003702402 0.1660622 -0.08890809 -0.08369326 0.092279136 -0.23381013 -0.14971586 -0.23693731 0.026654765 0.12856854 -0.19577794 -0.033493385 -0.22470419 -0.13351662 -0.0052919183 -0.18842673 0.13320237 -0.2138167 -0.17808357 -0.009783083 -0.15040062 0.16728899 -0.1452128 -0.17688632 -0.049461804 0.04435057 0.17894138 -0.18811579 -0.136574 -0.18230574 0.03568549
-0.1705801 0.1973915 -0.31303123 -0.09134718 -0.034498803 0.24817383 0.103932485 -0.052729614 0.061040472 -0.1614616 -0.09965582 -0.18213236 0.1986045 -0.021443436 -0.38047245 0.21825927 -0.18105637 -0.08381562 -0.31932315 -0.038184807 0.15290825 -0.26840454 -0.24508831 -0.14711347 -0.11321507 -0.046388566 -0.286014 -0.044022556 -0.15049273 0.2967181 -0.042656336 0.20645651 -0.09835589 0.14307024 -0.1564722 0.12734428 -0.5073835 0.0020214766 0.2022896 -0.18501247 0.090484954 0.121234976 0.18131287 0.2773359 0.15747079 -0.3247127 -0.036416803 -0.19294985 -0.12609729 -0.17150992
-0.16502887 -0.1748547 0.008237251 -0.027197871 0.27030516 -0.12761994 0.20580442 0.28086728 0.16692004 0.27881166 0.037021074 0.14429554 -0.18865146 0.19251399 -0.16737431 -0.011979176 0.15642773 0.025611745 -0.02763707 -0.13422313 0.11526223 0.058324512 -0.21126564 -0.050492477 -0.20450155 0.10103294 -0.051275358 -0.0477638 0.24461024 0.20607573 0.014710157 -0.07283192 -0.277867 0.051490534 -0.09792243 0.11673193 0.2728054 0.23280092 0.14985135 -0.07533983 0.036155444 0.027974157 0.061120197 0.21015991 -0.07146943 -0.065598756 -0.2824033 -0.16467123 -0.09488114 0.24709874
-0.029417815 -0.051297512 -0.33360347 -0.2876402 0.08370548 0.24143177 -0.19515264 0.02000624 -0.31776962 -0.2861575 0.16294765 -0.14705445 0.08108891 0.39588213 0.2212375 0.00086611166 -0.018436972 0.22080961 0.17161447 0.011886343 -0.11834826 0.1321268 0.098200075 -0.42376292 -0.13477546 0.12768334 0.17329149 0.12715715 0.23015386 0.12762007 -0.09730981 -0.13948545 0.11636175 0.17137884 -0.14565325 -0.11933025 0.09467475 -0.19251786 -0.2792098 0.03861702 0.28096953 0.03472803 0.17825443 -0.41148522 -0.08837658 -0.21241717 -0.056527045 -0.13114728 -0.042763114 -0.026319765
-0.09808506 0.10921947 0.03291981 -0.04915613 0.23345171 -0.0894766 0.16743226 0.20249723 0.2168474 0.028465498 0.22054178 0.15599532 -0.15010616 0.23847131 0.16070783 0.007299664 -0.21960838 0.01918675 -0.03881033 -0.14336045 -0.22306812 0.005178598 -0.16335636 0.121161535 0.0097117545 0.124430135 0.20959847 -0.040008187 -0.06220077 -0.006828998 -0.22866267 0.09595806 0.17055048 0.06672348 -0.016135037 0.15869135 0.17765908 0.017704472 0.03096628 -0.025623986 0.22286248 0.03068865 -0.100666024 0.09939859 0.22797334 0.1849481 0.21363568 0.15953699 0.19267298 0.19197084
-0.026639745 0.15128 0.11122446 0.18080221 0.034257427 -0.040365055 0.15957947 -0.011901706 0.17179273 0.22194014 -0.12936977 0.12055732 -0.03665571 -0.086518764 -0.17558783 0.12820332 0.085203245 0.15451755 0.19327421 0.041945264 -0.10303883 -0.009284198 -0.15467453 -0.045638844 0.22291626 0.034724638 0.13091217 0.14937185 0.16845404 0.0692253 0.10344939 -0.122272946 0.0093113035 -0.014479205 -0.0846937 -0.23678651 -0.178072 0.23535736 -0.079309 -0.051974297 0.049954757 0.003453508 -0.06461407 -0.004812777 0.07587688 -0.12224795 0.13192098 -0.1283036 -0.235795 0.11129834
-0.23181373 0.15465836 0.13052166 -0.02664036 -0.081514426 -0.009950378 0.123231836 -0.19518018 -0.15303314 0.01784961 -0.018987436 0.0048860465 0.21466272 0.15340047 0.068751715 0.11826978 -0.35652333 0.116736926 0.04347294 0.007010266 0.35405183 -0.0988629 -0.02403897 0.27883703 -0.10850433 -0.11222535 -0.017046673 -0.059101507 -0.022795007 -0.2705353 0.1440066 0.14407107 0.16538376 -0.14869045 -0.1755876 -0.11966972 0.2536773 0.22008903 -0.18916255 0.025699947 -0.12981418 -0.26691154 0.27433854 0.26500025 0.15231664 -0.10495659 0.08071597 -0.1604009 -0.13683851 0.1688981
-0.28530386 0.3966733 -0.09170352 -0.083900474 -0.23556145 -0.11930234 -0.09556329 -0.15091124 -0.30656686 0.021813562 0.2672942 0.04201241 0.19596983 0.17930266 0.22031552 -0.015916502 -0.055183906 -0.045388006 -0.22424582 0.03644027 0.021512154 0.16710383 0.17742604 -0.32221365 0.25776947 -0.051027272 -0.10309109 -0.19282548 0.0638262 0.03072676 -0.21404757 0.051497996 -0.17425264 0.019037725 -0.22005756 0.37151226 0.08534657 0.07762556 0.2478063 0.02311927 0.04696288 0.047308605 -0.016930202 0.022058615 0.14304708 -0.01816687 0.28457406 -0.014826499 -0.18090355 0.008210789
-0.01662963 -0.23801588 0.12983888 0.089735284 0.049927115 0.07265441 0.016866626 0.009679034 0.019079503 -0.0063729063 -0.23235306 0.17631333 0.24274401 0.23782851 -0.1644876 -0.096443966 -0.19252783 -0.23552449 -0.21326597 -0.033979565 -0.21904957 -0.24399172 -0.0530113 -0.09924036 0.24113886 0.10196541 0.2388192 -0.15970293 -0.07632192 -0.24388656 -0.16124061 0.1680562 0.17212258 -0.085804775 -0.12343576 -0.15697058 0.23362793 0.027868196 0.15723696 0.22330609 -0.06318398 0.11104783 0.21021195 0.022017047 0.15385227 0.16803814 -0.22902243 -0.07410845 -0.065219045 0.10372807
-0.12232663 0.32468426 0.10563773 -0.073258944 -0.080577604 0.03294047 -0.16559406 0.24214122 -0.0156208975 0.14519745 -0.08934772 -0.066232525 0.26301274 0.19729209 0.16548584 -0.12435843 -0.11087213 0.22116594 -0.04744977 0.013192937 -0.24910004 0.07298296 0.23092061 -0.2510736 0.053897277 0.16227669 0.17263423 0.14730965 0.100733794 0.17029211 -0.2309697 0.27102682 0.08078317 0.16434053 -0.16777536 0.12975675 -0.112372674 -0.23242174 -0.3115158 0.0042466447 -0.059208587 -0.10491345 -0.07913892 -0.1798184 -0.14580232 -0.23149048 -0.23563668 0.21097982 0.16854578 0.18570106
0.117964745 -0.123596825 0.25855434 0.014719373 -0.06051597 -0.27936116 0.06435939 -0.33744833 0.024813043 -0.05621008 -0.008364022 0.010600986 0.12687555 -0.124333836 0.2584533 0.039569084 -0.32779613 -0.031762775 -0.13952288 -0.05478032 0.08743636 0.32660228 -0.10583377 0.22719428 0.013429355 0.19436452 -0.11126464 0.13493362 -0.24022107 -0.21201552 -0.17776452 -0.06406646 -0.16682401 0.07231963 -0.10051921 0.32923755 -0.05659542 -0.14790557 0.044263832 0.062743254 -0.2457993 -0.212748 0.083509386 0.09529537 0.32140908 0.24808861 0.1299375 0.28529233 0.014058015 0.15027413
0.045034256 0.093027145 -0.19299033 -0.26647335 -0.0012100278 -0.10993384 0.07038136 -0.26736844 -0.38478526 -0.21239169 -0.2555931 0.24243121 -0.28849408 0.056772877 -0.37631795 -0.09848198 -0.35351261 0.2487343 0.34615472 0.038988575 0.04751647 0.16250177 -0.2073402 0.058555 0.33448306 0.28303203 0.16321464 -0.0704605 -0.026227504 -0.09056006 0.053121 -0.37415183 0.17981578 -0.026213063 0.13987102 0.05935345 0.27042684 0.1072572 0.04517864 -0.13145903 0.0059883334 0.17790517 -0.0930558 -0.019003186 -0.09597234 -0.1450943 0.037596803 -0.013755061 -0.23532385 -0.07477059
-0.5536825 0.023922278 0.15163113 0.05802988 -0.24223118 0.17699297 0.048537955 0.0943006 0.18739696 0.32466123 -0.05997343 -0.12434277 -0.33730242 0.13146234 -0.02836046 -0.16524993 0.33656245 -0.04326679 0.022555588 0.18407573 -0.20688985 -0.3703068 0.32940817 0.2329616 0.4030847 -0.2195295 0.16801727 0.035702653 -0.37669435 -0.43017748 -0.19795303 -0.10595495 -0.04775489 0.05336882 -0.118812725 0.15730879 -0.0148093775 -0.16822845 -0.036481116 -0.13230324 -0.23279254 0.106087364 -0.16287923 0.15380359 -0.36563206 -0.49038807 0.1829073 -0.12433028 0.052306406 -0.0067302333
-0.22649954 0.075867556 -0.17861558 -0.017276425 0.04266059 0.062302973 0.04452891 0.20424198 0.096311465 -0.24196899 -0.11570506 -0.07544755 -0.036919072 0.26834252 -0.16031522 0.2022851 0.13139293 -0.06531455 -0.2937319 0.0827318 -0.043952413 0.107664265 0.008622714 -0.057597242 -0.07198135 0.22017168 -0.114656955 -0.2535266 -0.13225664 -0.12974331 -0.17001899 -0.19366662 -0.09022151 -0.027785772 -0.030855313 0.25574616 -0.1655013 -0.007879555 -0.014205428 -0.06711339 0.01829717 0.089256145 0.0105309365 -0.15339698 -0.05404002 -0.14353675 -0.023563564 0.012334422 -0.24506047 0.0035713587
0.122661345 -0.009827613 -0.118961126 -0.0143651655 0.1938237 0.29426068 0.042978495 0.25608143 -0.11709029 -0.08113388 0.18947215 -0.19626553 -0.059713006 -0.06770629 0.31063205 0.1510832 0.2170598 0.044258133 0.29771948 -0.108746186 -0.18049185 -0.29618284 -0.12437681 0.0013707683 0.15522934 0.14969593 -0.116520956 0.04022399 0.20509435 0.35599703 -0.09036713 0.09542314 0.12335894 0.24426425 0.010676935 -0.16581953 -0.053437043 -0.15255664 -0.12850204 -0.29574051 0.15363926 0.18713832 -0.11033647 -0.3708417 -0.2279754 0.032968372 -0.21384032 -0.25384733 -0.12757158 -0.12422652
0.039421044 -0.08667277 0.16256846 -0.018813504 -0.28747383 -0.1802591 -0.055113487 -0.21642612 -0.13310029 -0.22024506 -0.2489708 -0.21833293 0.0061059115 -0.20490405 -0.07650877 -0.009671187 0.33173484 0.24055208 0.0032050484 0.15428354 0.23137315 0.02597861 0.037678853 0.16514833 -0.1219509 0.2156831 -0.12497522 0.14037365 0.051643554 0.22446723 0.1911038 -0.19125879 -0.18571845 0.015049582 -0.22931589 0.20720239 -0.16618744 -0.14669833 0.12279381 -0.23006092 0.30159423 -0.22487964 -0.33200583 -0.06253363 -0.13780919 -0.1293106 0.09684769 -0.20721553 0.049747713 -0.29916486
-0.05355793 -0.1776598 -0.07835781 -0.13303484 -0.23104079 0.041519146 -0.1481328 0.20562267 -0.10013862 0.09004549 0.116802655 -0.16895407 0.22032714 -0.062019244 0.10960559 0.20670407 -0.04939281 0.037147097 0.113291375 -0.120421946 -0.1947207 0.030083526 0.17176063 -0.13712054 -0.02986817 -0.098606765 0.10965636 -0.066101626 -0.06927519 -0.21066089 0.17030235 0.03799762 0.17363782 0.22897522 0.15006743 -0.23287167 0.144875 -0.21560557 0.23212661 0.06415124 -0.21806192 0.010188005 -0.069934934 0.033650372 -0.21992125 -0.09455817 -0.13402711 0.09056716 -0.18721645 -0.22463754
-0.0310634 -0.3003582 -0.21362935 0.12569147 0.14995976 0.08783722 -0.16612023 0.31491816 -0.24655256 0.23108622 -0.34751818 -0.1845615 -0.14216837 0.11327678 0.09702823 0.11891782 0.15459491 -0.30365118 -0.18356961 0.22418554 -0.003403796 -0.048476893 0.16694513 0.37869492 0.34789017 -0.22822464 0.056154754 -0.1318795 -0.26177937 -0.21967745 -0.16586442 -0.22659478 0.12898393 0.39309502 -0.0018389672 0.10521038 0.21767801 -0.03849776 -0.010744745 -0.10928182 -0.03939214 0.10056743 -0.5066915 0.17914832 -0.15764959 -0.3196191 0.056892306 -0.04629389 -0.020105986 0.124603234
0.16489099 -0.072242275 -0.24654442 -0.15888168 0.084534265 0.016413603 -0.053214457 -0.009497864 -0.021531232 0.15470688 0.1468325 -0.20442745 0.14533415 -0.18980527 0.06337017 -0.20410244 0.0060378658 -0.4793843 -0.10430891 -0.048512623 0.14861956 0.050286222 0.17405301 0.008826513 0.12842393 0.19691902 -0.3714346 -0.1294904 0.24094085 -0.091960244 -0.17879677 -0.1624479 0.04872755 -0.07791988 0.14491735 -0.16880381 0.11043447 -0.096408695 -0.19084509 -0.03150334 0.008537664 0.03531986 0.17478031 -0.3092991 0.21363643 -0.23273477 -0.27690387 -0.1192791 -0.100116655 0.11630162
0.0018111169 0.027671918 0.06844725 0.04648967 0.14829634 0.04208027 -0.072975546 0.20743231 -0.12962776 -0.07025099 0.23657693 -0.2227157 0.094194695 0.23796909 -0.08958128 -0.070799604 0.22571503 0.021550372 -0.12965399 -0.16294058 0.11169137 -0.22146413 -0.17966616 0.050623044 0.16591223 -0.0978892 0.044118926 -0.06170012 0.22061364 -0.042715445 -0.19899966 0.088456854 -0.15391585 0.0038295984 0.15060903 -0.089533925 0.09154414 0.16971163 -0.061618254 0.1464041 0.04296182 -0.07821903 -0.20471537 -0.046137407 0.06076841 -0.10143943 -0.18485725 0.17659904 0.20198818 -0.05725445
-0.15159646 0.2703897 -0.112606496 -0.3193232 0.055960357 0.14100371 -0.21317887 0.15808322 0.24029863 0.12841727 0.036144245 0.21850784 -0.15913858 0.24748565 -0.2818981 0.2360349 -0.32267252 -0.0613315 -0.15536006 -0.14971219 0.20215422 -0.27808413 0.0038465369 0.21105015 -0.09183769 0.12807728 -0.051555958 -0.2954766 0.31382543 -0.0026483936 -0.033491332 0.03998528 0.21885598 0.15359488 0.23561658 -0.109398305 0.043850638 -0.086102486 -0.111283936 0.05854749 0.016454129 0.0575435 0.2539419 -0.24008034 0.021890102 -0.22558603 -0.068609536 -0.09409647 -0.08065128 -0.22627869
-0.15503928 0.11398069 -0.07251851 -0.0027991694 -0.05627513 0.03449371 -0.05060339 -0.24505043 0.14959672 0.076747954 -0.077472724 0.040995758 -0.1742601 0.021496713 -0.015499883 0.22103891 -0.21249071 -0.16049032 0.23313285 -0.07565455 0.3618004 -0.007333852 0.02442402 0.10403926 0.17749377 -0.04823198 -0.036148366 -0.051765032 0.19517733 -0.03173636 0.077663064 0.1314125 0.22724289 0.033971854 0.20036034 -0.16715492 0.08895716 -0.0896582 0.1330152 -0.10950925 -0.08914557 -0.054694403 -0.106179655 -0.0022943497 0.16007817 0.27140963 0.31834114 -0.047568146 -0.0012351346 0.18305449
-0.6063969 -0.2765003 -0.278474 -0.09633234 -0.25943288 0.4039757 -0.15465778 0.07770156 0.07152775 -0.16685055 -0.32142696 -0.073173866 0.29544035 0.35927978 0.08098814 -0.3145314 0.22422922 0.13160847 0.06123104 -0.20896667 -0.04072908 -0.3300578 -0.00031223305 -0.1834102 0.0907809 -0.13766034 -0.011852301 -0.08731099 -0.0308335 -0.43156317 -0.10529626 -0.44008705 0.121743366 0.12864146 -0.11006966 -0.09399127 0.042547945 0.003843218 -0.19600682 -0.48920637 -0.09334844 0.28979307 -0.5137994 -0.21436481 -0.31393936 -0.56559366 -0.3193504 0.07171957 0.13266063 -0.35381606
0.2346995 -0.034779377 -0.0009680635 0.06907081 0.28506637 -0.15936156 0.039881185 0.2667195 0.2558364 0.045024358 0.06827773 0.028068302 -0.20567882 -0.36672163 0.20770891 -0.18319201 0.27063283 0.03944043 0.16352879 -0.23335375 -0.14087182 0.098982066 0.22416066 0.09038738 0.12051199 -0.21057992 0.19134541 0.047712456 -0.2192987 0.15074053 -0.20201014 0.17319337 -0.14244077 0.00845271 -0.1076117 -0.17959653 -0.01880616 -0.1965684 -0.058058895 0.10805369 0.09308697 -0.047286958 -0.21751791 0.21032819 -0.13925567 -0.047494035 0.15677485 0.038803514 0.11278575 0.16351035
0.20916176 0.060335588 0.039600413 -0.08890756 0.056740973 0.13993019 -0.013103047 0.26073998 -0.026600618 -0.13639882 0.19221832 -0.17342404 0.22428644 -0.0084657855 -0.076345325 0.18465193 -0.19758794 -0.12954147 0.21565624 -0.2432296 -0.07730642 -0.105894454 0.18528551 0.07368837 -0.094472885 0.10489323 0.2229977 0.16846906 0.18869899 0.16678001 -0.004163955 0.043021645 0.1673865 0.0027945882 -0.23322095 0.032375492 -0.083442815 -0.24015728 0.14588219 0.11769731 0.062280748 -0.12420553 0.27539846 0.21162225 -0.056879964 0.09883033 0.22716896 -0.0047247196 -0.1024299 -0.15719739
-0.17605437 -0.14226553 0.30942878 -0.046993732 -0.053027697 0.18917063 -0.041393843 0.31341264 0.019786755 0.14177932 0.13246034 0.2019529 -0.26202652 -0.12621546 0.20645809 -0.3389541 0.23314452 0.28549904 0.23918745 0.060786143 -0.13469523 0.24479924 0.042190246 -0.21953295 0.055811334 -0.10297396 -0.1743038 0.19641846 -0.28597578 -0.17704888 -0.1758648 -0.18359552 0.11680751 0.05801328 -0.11384262 -0.22160095 0.15924938 0.17829417 -0.24637361 -0.06887317 0.2712324 0.03559704 -0.03471104 -0.07301779 -0.09749656 -0.050827436 -0.27757615 -0.060533594 -0.043021113 0.3094656
0.081367016 0.1540002 0.104805306 0.18802921 0.13513105 0.021801656 -0.08671262 0.21749921 0.024620745 0.17940386 0.066565275 -0.08283655 0.16185415 -0.069061875 0.024247047 -0.13062741 -0.021894211 -0.14176264 -0.1189822 0.050021842 0.117036134 0.21305837 -0.05628872 -0.00044044858 0.062569045 0.23218648 0.13939513 0.18969606 -0.11266175 -0.1504965 0.13016674 0.013443045 -0.23220724 0.08014267 -0.21837312 0.2956626 0.189486 -0.10233529 0.18562737 -0.121456064 0.29814914 0.210658 -0.24819002 -0.01542756 0.20688607 0.15686955 0.026733404 -0.15418983 -0.10454001 -0.12540661
0.25443968 0.05185065 0.117552646 0.11179331 0.1621055 0.1394026 -0.17372957 0.27403829 -0.13036285 0.18295231 0.024804965 0.12566389 -0.13719468 -0.2704847 0.08031224 0.14983425 0.12549326 0.28833854 0.20073757 0.11842303 0.02388704 -0.10582192 -0.15233865 -0.025982924 -0.35921285 -0.07125561 -0.15957901 -0.01633116 0.20946847 0.21721837 -0.024641687 0.21235874 -0.099225916 -0.06473845 0.1399024 0.08076662 -0.1163925 -0.22308393 -0.117786825 0.2386083 -0.04712524 0.05736113 0.2586825 -0.2180283 0.21102881 0.15961973 -0.08734207 0.074359894 0.05480689 -0.16738153
-0.121725924 0.27738371 -0.12547585 0.11269795 0.30667037 -0.030370902 0.20266621 0.009694793 -0.16519769 -0.06490778 0.2762406 -0.10307142 0.29827967 0.028478103 0.32467288 0.2105335 -0.23297767 -0.20604262 -0.32861614 0.14457776 -0.3564266 -0.2361153 0.18264718 -0.062677674 -0.32275027 0.120814614 0.22036736 0.058325328 -0.20439573 0.05881648 -0.27670848 0.27539298 0.10843117 0.167115 0.08068003 0.2958445 0.07772854 -0.027190804 0.07677091 -0.17066911 -0.14657098 0.098365486 -0.0672551 0.007627863 -0.16893548 -0.045633048 -0.27775323 -0.30585337 0.04087902 0.147963
0.005182744 0.054252308 0.24313626 0.30530047 -0.016057817 -0.12311462 0.13017796 0.24026683 0.21054928 -0.017053476 -0.018865503 -0.17044789 -0.10762565 -0.23360124 0.22480528 -0.14294784 0.15969096 -0.12103217 0.2332158 -0.18597177 -0.23286915 0.093895696 0.24960414 -0.13439232 -0.1831784 -0.053610828 0.105214864 0.21696596 0.20178975 0.2015292 -0.0059025893 -0.23856844 -0.05742485 0.10883077 -0.24243623 -0.02413195 -0.062312968 0.054393724 0.07129787 -0.023162441 -0.16742507 0.031129329 -0.17732076 -0.10521477 0.12896805 0.17350635 -0.020056082 0.14270301 -0.05933027 0.04737366
0.18530951 -0.21051598 0.18100496 -0.19771257 0.057311445 0.07235024 0.18517351 -0.115079276 -0.15637939 0.083634034 0.051142015 0.058706358 0.0768753 0.050575677 0.123733275 -0.011408532 0.12743443 0.2788677 0.26723814 -0.007175252 0.17428617 0.122775935 0.29536998 -0.27553093 -0.09979923 0.14256635 0.32793045 0.059683934 0.091935456 -0.00022788052 0.3264455 -0.15868066 -0.2178562 -0.057980962 -0.13557014 0.13503651 -0.021626128 0.23124696 0.08199226 -0.10613164 0.32426816 -0.17270511 -0.22562583 -0.35528135 -0.16715537 0.054553013 0.1548003 -0.24473204 -0.16289169 -0.24497454
-0.19903725 0.022482479 0.24126095 0.26589927 0.3465286 0.18633287 -0.02940498 0.108351216 0.087058835 -0.110539116 0.20280556 -0.09577541 0.24566393 -0.051786806 0.17327191 -0.12958947 -0.0045518866 -0.14436649 -0.3008396 -0.16073123 -0.18920279 -0.1623367 -0.19905041 -0.1831511 0.047718573 0.1627584 0.12582862 -0.16678989 0.16919775 -0.014494819 -0.086864345 -0.20526344 -0.08297154 0.21448563 -0.1969083 0.14655314 -0.10704145 -0.1761581 0.26173052 0.19202968 -0.005557118 0.25249732 -0.21473166 0.020757856 0.29507354 0.21231696 -0.10432462 -0.1926469 -0.09556955 0.19328523
-0.2169579 0.25046024 -0.21119526 -0.14814425 -0.2465826 -0.05274992 -0.11339211 0.10573605 -0.058098912 0.24965946 -0.243699 -0.010291828 -0.0033651937 -0.063871086 0.10005555 0.085825555 0.13763905 -0.12408484 -0.15314378 -0.15883766 0.09190539 0.09781054 0.12520371 -0.061925996 0.1303647 0.0822205 -0.009191266 -0.28937656 0.15823415 0.11326705 0.070830286 0.018413167 -0.20578662 0.1650362 -0.17287284 0.15603893 0.17673028 -0.060290396 -0.08432054 0.12902164 0.057150695 -0.07044442 0.20890526 0.090809114 -0.21220192 -0.08845298 0.17906813 0.14313474 -0.23166893 -0.08036159
-0.1116732 -0.28841993 0.0151059525 -0.034864318 -0.18965678 -0.3441743 -0.06905495 -0.024181426 0.17406069 0.032582358 0.016900433 -0.009532674 -0.15308416 -0.013071128 -0.011715702 0.27222034 0.122655235 0.14766143 -0.15571594 0.16970463 -0.032577243 0.013007698 0.034686446 0.10531496 -0.19184844 -0.00092164095 -0.04808693 -0.28789568 0.09696287 -0.3698522 0.3514499 -0.012501889 -0.00012136714 0.008823751 -0.12238227 0.116248876 0.09384366 -0.16286594 -0.2557123 -0.14435895 -0.21318425 0.074552566 0.09661583 0.25256756 -0.29612908 -0.095210716 0.23597516 0.30600724 0.10881437 0.13253208
0.03877965 0.09966178 -0.17817792 0.29571685 0.12008646 0.24544434 0.19032647 0.0041533667 -0.16291992 0.16288958 -0.10008072 -0.21456267 0.23566103 0.25911066 0.111918405 0.31309256 -0.07773 -0.16765179 -0.29900044 0.077485755 -0.31506467 -0.1904618 0.07081977 -0.06530393 -0.17404824 0.018325416 -0.09117698 -0.13143706 0.024577908 -0.036592163 -0.2288174 -0.042983137 -0.14583677 -0.13266894 -0.04915309 0.09124653 -0.31207836 -0.19150987 0.27263218 -0.03785744 0.06279823 0.17405006 -0.0637875 0.08386104 0.30040798 0.22318006 -0.14602552 0.25483012 -0.013775027 0.03545293
0.33008808 -0.04068571 0.32391766 0.25854096 0.077406034 -0.25465682 -0.004465358 -0.11557338 0.057195198 0.019753456 -0.16719672 0.13097496 -0.20027402 0.1497995 0.15471736 -0.0823597 0.1975823 0.20997177 -0.20720705 -0.1881716 0.17648453 0.1578414 0.00019479575 0.35521868 0.18341437 0.1672031 0.041919816 0.12249547 -0.18989635 -0.122609794 0.11040703 -0.06850036 0.011450184 -0.4209761 -0.24436408 0.12985988 0.23949292 0.19091336 -0.051287938 -0.07852321 -0.1739667 0.041862134 -0.22504471 0.05054532 0.14428544 -0.09570892 0.24125245 0.13008143 0.16731068 -0.1308929
0.3392 0.0310921 -0.01815172 -0.15315466 -0.3356762 -0.18715946 0.11529522 0.12584493 0.17256646 0.34059277 -0.2777988 -0.020958992 -0.06540495 0.038968593 -0.25610498 0.10841795 -0.14622007 0.24617985 -0.002232 -0.10130796 0.25621682 -0.16436288 0.1956361 0.16350889 -0.2571731 0.20728107 -0.10234292 0.050407473 0.026706032 -0.061756138 0.15099409 -0.09402194 -0.20126823 -0.32272404 -0.013631403 -0.36153924 -0.20626596 0.020544603 -0.019541873 -0.089011714 -0.082419135 -0.34742627 0.18601562 -0.21679285 -0.29349416 0.1999161 -0.07497876 -0.17691815 -0.18356934 0.19355987
0.19177963 -0.0981503 -0.17077473 0.23842974 0.066092074 -0.07573942 -0.07849134 0.16864744 0.20845532 0.16113082 -0.06554653 0.040741246 0.17556493 -0.015768835 -0.20769018 0.17301232 0.01633625 0.080360025 0.26187032 0.022101805 0.027139204 0.22104552 -0.20603392 0.05753413 -0.10299962 -0.17619453 -0.27951807 -0.0014749707 0.09334699 -0.20030572 0.106591865 -0.11268686 0.13804385 -0.22684303 0.0675164 -0.12911494 0.0241515 -0.08738367 -0.01952252 -0.036662914 -0.060783014 -0.07473683 -0.20032628 0.12384632 0.06584248 0.0028970714 -0.08011656 0.2804448 -0.059777867 0.12811524
0.12276001 -0.12346869 0.09485765 0.20600484 0.12987517 0.020845667 -0.06276786 0.20533441 -0.07767227 -0.20435007 0.10208966 0.091277525 -0.04101424 -0.018632755 0.07858671 -0.020779967 -0.16925558 0.0855176 -0.045666993 -0.23345946 0.22643463 0.19773816 -0.12955314 0.18984021 0.09834455 -0.08651568 0.17693986 -0.21277502 -0.21098179 0.19617419 0.15420224 0.21351193 0.12170003 0.084341004 -0.11134127 -0.18492137 0.17556341 0.22499199 0.014303669 0.050935134 0.23929371 0.13756825 0.0925764 -0.09793897 -0.2289406 -0.044739544 0.10071881 -0.1076704 -0.16497688 0.20594586
-0.0313506 -0.31798348 -0.24130853 0.0588185 -0.28982803 0.04408458 -0.012189698 0.47009152 -0.2440038 -0.14377637 -0.11755899 0.060758755 0.102365986 0.39164308 -0.04209623 -0.019887375 0.20441903 -0.1053279 0.20509413 0.079708114 -0.23631677 -0.19947265 0.2061339 0.03105925 -0.11569139 -0.14615792 0.22147857 -0.075957246 0.29182497 -0.3074372 -0.19791844 -0.48630765 0.09121653 0.14140922 0.14192398 0.20481552 0.057735972 0.025583163 0.13794272 -0.34300125 0.18934344 0.1538281 -0.3981551 -0.018632105 -0.13651589 -0.055387605 -0.008408799 -0.010702977 0.19373003 -0.10328322
0.25012815 -0.0950338 -0.24208029 0.19062024 0.10433652 0.17816079 -0.16840118 0.21021786 0.25278866 -0.22315957 -0.17521411 -0.17584671 0.3365664 -0.2818337 -0.21363008 -0.07930159 -0.16096723 -0.16379054 -0.18266866 -0.19946675 0.10940605 0.06315514 -0.10808476 -0.026433483 -0.058815036 -0.19994517 -0.025533807 0.12326537 0.1260725 0.11811606 -0.15010498 -0.22241764 -0.15131883 -0.21461545 0.19379742 -0.23353215 0.06284054 -0.11532733 -0.020200301 0.004237925 0.048529096 0.13492753 -0.018751906 -0.052797165 -0.1798835 -0.0012362157 -0.034604955 -0.027477415 -0.04520482 0.0682989
-0.1892229 0.122324616 0.2994023 0.011293119 0.06343344 -0.14576492 -0.1627558 0.22764486 0.04192582 0.283976 -0.23967431 0.03955264 -0.385796 -0.055708688 -0.029466275 -0.3192534 0.30784744 0.18206236 -0.02921049 -0.03560099 -0.18646225 0.2992135 -0.06533772 0.10320299 0.051090218 0.0067801485 -0.027555613 0.010556252 -0.24389695 -0.190923 0.010413105 0.0027151946 -0.035426937 0.21638615 -0.1011911 0.008311824 0.24612239 0.018100157 0.052861787 0.21265121 0.120102756 0.09246389 -0.14566244 0.1251998 0.16323918 -0.31461522 0.2728864 -0.01053688 -0.05823857 0.24921031
0.28171232 -0.33183467 0.2601547 -0.034357455 -0.29239187 -0.25758302 -0.1091229 0.0245318 0.059781857 -0.053160053 -0.09899433 -0.026574371 0.046259344 0.225845 -0.25072876 0.06534856 -0.077267304 0.27214772 0.30381963 -0.17700917 0.27266952 0.170714 -0.009113644 0.030121142 -0.10726776 -0.03525375 -0.09852337 -0.06263889 0.26345026 0.14231895 0.21251678 0.21615602 -0.03701107 -0.41440606 0.23515715 -0.32038406 0.25616255 -0.18610743 0.06333433 -0.1122177 -0.20122233 -0.36932316 0.049942255 -0.21303947 0.029290736 -0.028029803 0.2225887 0.119669765 -0.19020934 -0.16211364
0.0161037 -0.13806517 0.04972255 0.06899203 0.34464994 0.048323043 0.19167675 0.224211 0.0638181 0.1861305 0.34557065 -0.007433206 -0.10447151 -0.07104428 0.2015726 0.27615932 0.120640844 0.074603975 0.050370216 -0.1597609 -0.11425444 0.099567175 -0.116534665 -0.29262343 -0.043600816 0.033908837 -0.16195057 0.05466969 -0.10259163 0.31929252 -0.043386318 -0.16300555 0.020504333 0.016880387 -0.09936738 -0.09098612 -0.27163228 -0.0943283 -0.06432855 -0.18091208 0.03519694 0.274267 0.21739075 0.039637435 -0.0009803554 -0.0050237877 -0.360137 -0.331007 0.058530502 0.13011622
-0.05629498 -0.00721655 -0.20300707 -0.25878912 0.1722596 0.26622933 -0.12670259 -0.17300841 0.07233081 -0.009503263 0.051525295 0.24128084 -0.020474363 0.20550092 0.030699313 0.15358862 0.11855473 -0.03772047 0.06535773 0.1046973 -0.03013206 -0.0037875955 0.097636454 -0.20549382 0.010673026 -0.053795543 -0.04359681 -0.29395384 0.031544458 0.051035866 -0.01657784 0.14535332 0.046683293 0.021197835 -0.23071533 -0.10176228 0.32357103 -0.19061862 -0.04688589 -0.39419246 0.34071833 -0.04591925 0.054055512 0.040953953 -0.119888216 0.24316575 -0.22437668 -0.11245296 0.11911568 -0.24146648
50
0.04135596 -0.010100688 0.02140607 0.036945682 0.020381965 -0.039086092 -0.024615962 0.011880684 0.023932045 0.0062157414 0.024287168 -0.012916077 0.03349591 -0.07293965 0.018924877 0.036120057 0.0152593795 0.053340886 0.018677384 0.0 0.017509663 -0.008404919 0.009917762 0.050854564 -0.017541112 -0.0030449012 0.055016167 -0.038199596 0.016881645 -0.001726672 0.01724542 0.013902761 -0.037299085 0.021142343 0.0 0.042276535 0.058432024 0.0 0.0018906941 0.045101147 0.029879067 0.035931572 0.039640136 -0.0067192162 0.024493799 0.004313784 0.046798106 0.02484409 -0.013726549 0.06298654
50 6
0.09565444 -0.3804331 -0.24021251 0.02401913 0.38549885 -0.3980589
-0.24047355 -0.060028102 -0.20413452 -0.05587547 -0.31768075 0.2000599
-0.014273602 -0.2039884 0.22572379 0.14948468 -0.24567656 -0.35823244
-0.25322434 -0.22779287 0.41601723 0.17051238 0.29376924 -0.2388417
-0.3578527 -0.0675295 0.02071937 -0.38666144 0.3728215 -0.119206004
0.60966235 -0.083272226 0.21860155 0.2139156 -0.27937073 -0.1401117
0.2862457 -0.07475596 0.119900644 -0.049791187 -0.01565219 0.041463397
0.27193323 0.28957227 0.35599953 -0.30304626 0.22545095 0.2997904
0.11336001 -0.32166225 0.22185309 -0.37340745 0.16052093 0.17610946
0.1515336 -0.15089087 0.14996308 -0.37016165 -0.036861897 0.18696244
-0.54306215 0.026825985 0.01815693 0.21403752 0.1286157 -0.13745047
0.29194835 0.18988928 0.19509599 -0.013052387 0.06303598 0.009857989
-0.314242 0.31067038 -0.23320568 0.3765987 0.19839907 0.39069986
-0.16727868 -0.35681945 -0.21363743 -0.2554508 0.04292359 -0.2955314
-0.38237756 0.31924215 0.22966489 0.24912179 0.081468716 -0.34869674
0.1513034 -0.12887684 -0.31135562 0.036406945 0.35108683 0.3794195
0.28633764 0.36731777 0.28894565 -0.18445687 0.08268656 -0.41639796
0.15596491 -0.05700714 0.030770026 -0.15285721 -0.4128872 -0.3482148
0.40241778 -0.053719528 -0.24993797 -0.3253061 0.03402443 -0.102717414
-0.20551193 -0.14306454 -0.053900898 0.30145997 0.043716043 0.17567652
0.3814266 0.3595262 0.21320178 0.23212215 -0.15308493 0.15718265
-0.12336759 -0.3971449 0.07859217 -0.045892056 -0.38317755 -0.18740995
0.012412436 0.28914648 0.29210967 0.104484044 -0.24354988 -0.084771246
0.5032859 0.06421345 0.2671336 0.08070145 0.482606 0.28223872
-0.37383726 -0.25579178 -0.39744392 0.10798596 -0.07690327 -0.18211043
0.057236392 -0.06362004 -0.24995403 -0.102714546 -0.30943903 0.09994019
-0.009614421 0.35054374 -0.11618093 0.27682966 -0.32757372 -0.38577113
-0.14672074 -0.100008406 0.1519858 -0.027697934 0.092968754 0.116379686
0.26870182 0.21162201 -0.3477464 0.28012705 0.2893088 0.2406608
-0.26894084 -0.028389512 -0.23531516 -0.071033195 0.10850269 -0.1741869
0.4841264 0.05968592 0.41901365 0.25923046 -0.27432615 0.024099398
-0.0025135723 -0.36070117 -0.40687692 -0.09259184 -0.054167196 0.23786695
-0.3144392 -0.25422403 0.033086617 -0.03375909 0.05788036 -0.31992504
-0.22825438 0.44606668 0.2833089 -0.2193121 -0.034900475 0.042738583
-0.29950804 0.032766998 -0.010209918 -0.11024067 0.08537835 -0.013768673
-0.3261835 0.3557313 0.017140213 0.21114363 -0.20391198 0.14479259
0.39320946 0.24475871 -0.26749513 0.077609494 -0.11422383 -0.065601796
-0.016974956 0.24693882 0.080866665 -0.10902284 -0.32406363 0.12730563
-0.07621061 -0.02285327 0.13642259 0.38947392 0.161116 -0.0488933
-0.07985813 -0.47935146 0.4099222 0.10888349 -0.4064171 0.39193276
0.059811365 0.34306777 -0.34908447 -0.3880436 -0.15640031 0.08716762
0.2474774 0.2322621 0.19981441 -0.20057397 0.37782538 -0.16674347
-0.022541896 -0.261699 -0.45466334 -0.38465187 -0.010380242 0.36342844
0.054117825 0.16545376 0.39388373 0.16364072 0.16854016 0.14992219
-0.28036186 -0.23548727 0.18812558 0.3281142 0.17094384 0.0343774
-0.03971421 -0.26907113 -0.18704543 0.4093373 0.2823069 -0.17043437
0.29436636 -0.2109812 0.15710616 0.38031808 -0.120447636 0.023939103
0.08715342 -0.16227785 0.41133294 -0.02737976 -0.17387521 0.121843986
0.080175094 0.21337473 -0.19913746 0.007990808 0.30988702 -0.0046349294
-0.12224898 -0.34581006 0.28900096 -0.45842746 0.042295344 0.20739807
6
0.027852636 0.037703715 -0.004380955 0.0006936683 0.013374889 -0.0005582266
